,GOOGL,BRK-B,ASML.AS,BESI.AS,ASM.AS,HUT,DAC,AMR,FLOW.AS,HAL.AS,NVDA,EXO.AS,PLTR,BTC,ETH,SOL,MC.PA,TNDM,AAPL,TSLA,MSFT,AMZN,META,JPM,JNJ,V,PG,UNH,HD,MA,BAC,XOM,CVX,LLY,MRK,AVGO,COST,CRM,ABBV,WMT,KO,PEP,ACN,SAP.DE,SIE.DE,RMS.PA,LIN.DE,AI.PA,DGE.L,NOVO-B.CO,ASML,ADYEN.AS,BMW.DE,SAN.MC,TEF.MC,OR.PA,BNP.PA,CS.PA,ABI.BR,PHIA.AS,UNA.AS,SU.PA,BABA,TCEHY,JD,BIDU,NTES,XPEV,LI,NIO,PDD,TAL,CASH,TBILLS
GOOGL,1.0,0.46459361633327123,0.3469956648599098,0.33939126401688197,0.3655455052969171,0.32784490572127556,0.24541724123112063,0.07926071032571916,-0.012123097960510315,0.2364171273054672,0.5799625894083347,0.07648312578535829,0.2899974789941109,0.11431096646471939,0.13350115234535667,0.17216656388946153,0.28611793123779017,0.3137860370983596,0.6313012703246398,0.4024572776213982,0.7301047063406052,0.6470069523256099,0.63036411473512,0.3786962184417221,0.259369880272748,0.5187183058946053,0.29149780610715875,0.324452641703389,0.45454430971966614,0.5284051628253701,0.3803680084634037,0.2259943447406944,0.30866359515636344,0.25271368154622226,0.21297335054859237,0.5123660055671928,0.45987874058680306,0.529099544038317,0.25081693045235715,0.27852253423645223,0.3264571653851045,0.33893240364230076,0.5625556177284724,0.3165212954193385,0.27659477917212205,0.277864529271704,0.25921151052996816,0.26850735263372477,0.03496458374715569,0.08240518474691746,0.5454112952911812,0.29730048772751244,0.22525977918949783,0.19674268799212,0.15255140754651103,0.23929479705907766,0.20027568993734435,0.2050461936150737,0.18322494628012645,0.15921286408456356,0.02438676345693018,0.31411333429450494,0.2993537483118821,0.2952546473068226,0.30262493888974146,0.35337517777646066,0.2945895268780762,0.2543985616376188,0.20290361663128373,0.30782280059328854,0.2698693433685463,0.13288167948004104,,
BRK-B,0.46459361633327123,1.0,0.255641487234445,0.2641536233990858,0.2540707725089713,0.2329486753862739,0.3963340918243955,0.17064814705551098,-0.046834861596174955,0.38024823622304144,0.33922992814705355,0.1121015922134441,0.13760723276640985,0.09855984483610505,0.09211045038124221,0.11690136161169379,0.3855046842118359,0.1767290084613216,0.5069381978651878,0.2639573775376139,0.49729933128236975,0.33184336188122543,0.3540419560828644,0.7685613892549867,0.540439625432607,0.6667360191020185,0.4848053223407834,0.5165069561513979,0.5654774619551346,0.6599728131462353,0.7472736201002202,0.5604982288126285,0.6206415521822549,0.30406610787326094,0.4032523617464805,0.39611048831604007,0.4085948470400892,0.375530899519934,0.4343515046230082,0.3621467723634056,0.6168523786922365,0.5453350425863788,0.5920074156361126,0.3174541188979815,0.4114484174171853,0.3018419803511356,0.4526402388885271,0.4028452206816995,0.14393581417091428,0.05280123777261205,0.40934251300528585,0.18710092360717245,0.3732350396058942,0.4522097475344071,0.3373302079058974,0.3025263930702847,0.4644928450665098,0.48143948680199167,0.42566887062505526,0.22391777738694957,0.08576203008285106,0.38957198524045195,0.19283324816392097,0.18371713263275377,0.18976871532604725,0.23147835275915826,0.19484273233220817,0.09726334850006148,0.0638732446759739,0.19902216865996616,0.10189732621045858,0.0781655789144238,,
ASML.AS,0.3469956648599098,0.255641487234445,1.0,0.727695052480496,0.8164889247788543,0.2635150426213438,0.18553331390323358,0.12124482514559835,-0.01978924743494206,0.3541542154311226,0.45819118200892583,0.264569936546437,0.2144816249534858,0.044757712539601806,0.08155802589678571,0.17824680834620354,0.5231991759158057,0.19045070545900863,0.3361125599300242,0.2786569031030279,0.38227661797263945,0.3362356374190462,0.33329834757050836,0.22745019246558074,0.04792588950667736,0.30559811592429087,0.04468108003132971,0.12743893932127992,0.2682277846225216,0.32061341038212365,0.21863526568525343,0.1540290488128858,0.23350747808920122,0.11499080449236901,0.05398690266475736,0.451400868455858,0.2536940965635063,0.3252465730921427,0.07194417349957938,0.0775628726904092,0.13658133659020774,0.08212206845734624,0.3648985329333588,0.5323257086479061,0.5479406850683793,0.5433485746918559,0.46164150888507705,0.4490208865550481,0.08744077346581086,0.21269958597714175,0.7777351583835467,0.4284852594383699,0.3747808675952837,0.31697621071328674,0.10022403931488938,0.4510496734055327,0.3138689827053379,0.3567193246475209,0.29992817005735467,0.2518896061527086,-0.020566852776231857,0.607705283727314,0.23243073794776897,0.2561510710789232,0.22574558955931526,0.2752931432014797,0.23772531885733125,0.16327880226851027,0.169907990632004,0.24676214009758465,0.22410134975969992,0.12467971629741578,,
BESI.AS,0.33939126401688197,0.2641536233990858,0.727695052480496,1.0,0.732169032587185,0.2339659890809966,0.18898020932270068,0.09404586252930339,-0.008192675906099827,0.3044311454589654,0.4253642626616653,0.22105573772559214,0.21191447961839774,0.0474174635664624,0.08492970950143594,0.19337213414562715,0.4461233542318498,0.2040384671875552,0.34070583983969777,0.27528406697093205,0.40642206471907655,0.33595142044686954,0.325096512259447,0.24807849453641317,0.06642802804732949,0.30058767038245154,0.10083206727951678,0.1433572601627412,0.27619951077262,0.3082740999977937,0.256020634393095,0.12965558624355203,0.2049728154286238,0.11450776075942892,0.05605306562466152,0.4206293633908032,0.2621090338593122,0.3256525495574379,0.09876530806138635,0.10175153303146703,0.14797810231122205,0.1393579244786544,0.35859574600044053,0.46920638834006284,0.44358945105684844,0.4470807744738484,0.3635233738709052,0.393109944929503,0.04113435719455383,0.1469716736313414,0.603687019473062,0.38044764635440176,0.34337756947218934,0.2678519931737655,0.09944727792611562,0.3730816489659778,0.2789755761806364,0.31224696338817504,0.24778381432580543,0.24615622183410593,-0.06370088869785628,0.5389465969643491,0.20858653641644206,0.24149449121892308,0.19943360078558062,0.253159743528883,0.20861052600402935,0.16449194989988092,0.16099390408166966,0.22407589795096025,0.21108410373337924,0.13253723828535352,,
ASM.AS,0.3655455052969171,0.2540707725089713,0.8164889247788543,0.732169032587185,1.0,0.2712159277734671,0.1864007335292609,0.09342367949555788,-0.04685563981767893,0.34158837584670815,0.4441076845430233,0.18613380324645487,0.19782435512352553,0.041096053811848963,0.08291622832580638,0.20541302101571174,0.45457177956689054,0.2243146799366527,0.3481402945974336,0.33069190124799613,0.39919600226335694,0.3304962125142296,0.35129295900980917,0.22357459624033038,0.04367320905256642,0.316476879509305,0.05206446987914631,0.1674082254158328,0.29695365126499246,0.315479083827446,0.21426148080880295,0.14341098796273738,0.21750571125153884,0.11145236910462387,0.08681677729334761,0.4671795003478293,0.27326947085399844,0.31596660366822127,0.10532583082580549,0.11693334321507157,0.13223395729696014,0.11347741499432162,0.3641410185398488,0.4767407528092328,0.46907570090286493,0.48767313248376604,0.40151784418624425,0.4012355023213559,0.04522480472383453,0.21808038269903499,0.6640080105061291,0.39758330213581566,0.3174462978918727,0.2789273426082919,0.07043939542932157,0.3589988751941818,0.2762524402724889,0.31893002049239133,0.25737068981920347,0.23159125337447428,-0.049269863935711256,0.5797212824487463,0.20356202241260388,0.23048078144952605,0.20420093665518055,0.25110186641877064,0.23240893454533035,0.16609373210657005,0.15519764881939316,0.24796256396597685,0.2090699204165845,0.10323575943828678,,
HUT,0.32784490572127556,0.2329486753862739,0.2635150426213438,0.2339659890809966,0.2712159277734671,1.0,0.18935601436917876,0.14034540111342922,-0.0009191443486126168,0.18292013078408575,0.35125456042933906,0.04695287695989194,0.3232960643887149,0.19887929152935988,0.18111496647125264,0.2725606329614812,0.2138826336629038,0.22204917456326767,0.27891454793297227,0.3572411733205596,0.3176662513480244,0.3005390721319952,0.2815982280050763,0.25675593832537214,0.06918830991136926,0.28229867098240125,0.054891681467484264,0.11617909110749221,0.24817931371603646,0.27873497189732005,0.25854606406358127,0.18302032084048162,0.20529172666891388,0.06727876225861078,0.08588375335624697,0.32240157283180626,0.20476150221612238,0.29942966422612655,0.05570418286718395,0.1099218957893772,0.10808093577968388,0.06690996965282354,0.2909263297430917,0.17705331202034233,0.20140949179114287,0.20719540887845378,0.1427810761388548,0.1706697398869111,0.03804500790195922,0.08062379381610484,0.35609080531885634,0.19694341267354337,0.112526590655668,0.13236196932319322,0.048940343509678644,0.12143565092029994,0.14391686206086454,0.13526454599748675,0.09080592334256925,0.06730994672726544,-0.04121063452688833,0.2507975172099883,0.20971187189623555,0.17771863630743515,0.19729165527739798,0.2691766587425647,0.16989888736696487,0.20433557531337873,0.18842609281365547,0.2849562180054473,0.1767671955035294,0.13058031703174824,,
DAC,0.24541724123112063,0.3963340918243955,0.18553331390323358,0.18898020932270068,0.1864007335292609,0.18935601436917876,1.0,0.17684771118829007,-0.03253546801468756,0.22090451113161075,0.2808713742779734,0.044498370559954925,0.1347428913018198,0.001017416180290174,0.0016902302519168195,0.17765637242939383,0.23211487702948586,0.14799927048817585,0.2705539936854545,0.20973216566472838,0.256197212532606,0.17571673377819594,0.20266254347250567,0.39613220939973226,0.2065095745666473,0.3323716541103354,0.17133066451426293,0.2414933765188719,0.36131047237050795,0.3221594382757413,0.41659976011652006,0.3989602307221295,0.40758846201900567,0.1616479150404498,0.18030925770889095,0.29135484761047903,0.19567015475475646,0.21935380412983552,0.19403730517638015,0.16463286774991906,0.2809368286536908,0.2509470182736759,0.3276173103893388,0.1838695983391994,0.2632878371033807,0.16316041119945543,0.18027016178159336,0.179861857851888,0.035489404535922885,0.04279136307455022,0.3146899277433537,0.13028347239008312,0.2525735445026003,0.27491059736214124,0.1811021797434638,0.18284582211841058,0.3125290365546045,0.28787801218100034,0.1889960144476408,0.16380052732395198,-0.08672928840505435,0.21822660525104645,0.16817056857491286,0.19550434830467203,0.18753318704472266,0.261782549765922,0.17658531970819538,0.1346740053540144,0.1293703790266798,0.2516950921246423,0.13968089367379827,0.12221227347538505,,
AMR,0.07926071032571916,0.17064814705551098,0.12124482514559835,0.09404586252930339,0.09342367949555788,0.14034540111342922,0.17684771118829007,1.0,0.02420298774429395,0.10846002152390022,0.11755315708558339,0.08454684722780714,0.06974041334959094,0.06558126201183254,0.06436150065242899,0.11063600459610297,0.1024268033076418,0.10913108416134376,0.08975438412159013,0.1074448165700553,0.06276024471882298,0.0897874408821116,0.024042289493050067,0.16053427985756752,-0.0077037077131298,0.138289164831482,-0.0395123451302908,0.09295207271601318,0.07384194856546855,0.1411602923311682,0.16639786176471064,0.2854419365336123,0.23428479577820527,0.037882129833788525,0.06629273714974927,0.11050000161654558,0.07939523127164479,0.10191188525607962,0.02856579181707743,0.018754696517720434,0.030907658129800133,-0.005200978256011579,0.13814571178736898,0.032029440129389936,0.12205004612122794,0.07089196463568513,0.07032366893936526,0.062016722926859905,-0.00700234022193757,0.03049141825527308,0.1518104823863788,0.05502396366456546,0.1003983161988234,0.16131100105472898,0.05631189690158476,0.07079422800864349,0.1527837262918447,0.11831961715947076,0.04302185827353619,0.026360489127039022,-0.053109972328289894,0.0913496301988574,0.11730004025223212,0.08637865639400803,0.10251027843730592,0.13634339955601152,0.09873092966570715,0.08908971194733545,0.09033929525953453,0.10610895318213477,0.08124254223129171,0.08943573616508288,,
FLOW.AS,-0.012123097960510315,-0.046834861596174955,-0.01978924743494206,-0.008192675906099827,-0.04685563981767893,-0.0009191443486126168,-0.03253546801468756,0.02420298774429395,1.0,-0.0308931630751777,0.001963880036696665,0.04711145460360727,0.014620349889854271,-0.05466057466684435,-0.09456977336429381,0.02218947087275846,-0.04104276123764171,0.042054986799735405,-0.016173769753356486,-0.0013333688126585513,-0.021334382472083677,-0.01077616666567546,-0.06758700784422539,-0.09791930426701669,-0.00449708624781391,-0.050845163420875625,-0.01856658260614006,-0.055635999864631795,-0.061532267882751256,-0.04000728042550982,-0.05187112965858286,-0.027970253449960077,-0.05465312996033393,-0.027035026571352046,-0.06044291725775615,-0.02372010959386447,-0.0009597270376785513,0.017622777030057057,-0.06482480878752417,0.017019146110924165,-0.046358265924401176,-0.029404968238842855,0.0038604954960177523,-0.05020556147161548,-0.04167082302642243,-0.05374071628471065,-0.08425820926264824,-0.028756250578606785,-0.02508231867611081,-0.045955339715161116,-0.022966926305028352,0.05618570200380198,-0.02976387385916345,-0.06466537057937949,-0.010775711913503863,-0.011867933492352826,-0.052429094380224965,-0.07318841221040212,-0.10143876554439714,0.01378086521289964,-0.04102292684351511,-0.027944180238468994,0.019568481673504345,0.03133783611704554,0.0286505586596476,-0.018221457016886215,0.021348343434485623,0.024405445887410285,0.020168257692717607,0.02170246880099497,0.012723103265833896,0.03196590010573974,,
HAL.AS,0.2364171273054672,0.38024823622304144,0.3541542154311226,0.3044311454589654,0.34158837584670815,0.18292013078408575,0.22090451113161075,0.10846002152390022,-0.0308931630751777,1.0,0.18362943282916477,0.19296542434538572,0.04487832036968617,0.04385952325978665,0.05317109440183823,0.08771464653526659,0.39670782721281544,0.10199723187334127,0.2278887754874904,0.16015853649578174,0.2534680163721113,0.12594076721562333,0.19123269424764663,0.34659688251406284,0.19083482512642996,0.36917005573297496,0.14648720112523433,0.2459794541171208,0.2689554274002397,0.35920842276818593,0.3610028434404374,0.26800810633297956,0.3545727036145426,0.12252685419600862,0.21965514047416737,0.2110510494357512,0.09675339205385572,0.19370981283215236,0.2548611317363919,0.09977869299064515,0.26003027900951364,0.17777063225253137,0.29213902512037077,0.3536439818225142,0.4406826236825827,0.3441319997294933,0.4082268478371365,0.3831095052739583,0.12843224042747337,0.1356701435072311,0.27831081861653445,0.26039925227311256,0.4439272033006541,0.3985895206312274,0.24557313628944563,0.34356402881032305,0.44448682634630915,0.4810548052014518,0.4034506843351407,0.22854169672685826,0.07216252547921118,0.44472794463441995,0.1656398201527356,0.1882937801559133,0.16661598931562369,0.20749654684815355,0.19823246270550424,0.12077191290136062,0.10420020150940146,0.1748062023506355,0.137092796467523,0.09787393923427595,,
NVDA,0.5799625894083347,0.33922992814705355,0.45819118200892583,0.4253642626616653,0.4441076845430233,0.35125456042933906,0.2808713742779734,0.11755315708558339,0.001963880036696665,0.18362943282916477,1.0,0.1158158718369489,0.385674922752017,0.10490059896761635,0.12548956178951787,0.2130552140956272,0.2709405744630729,0.32624109892114805,0.5825721532307349,0.4685136177947542,0.6734262246545595,0.5751594818943389,0.5236560072773796,0.30809125948011645,0.09959116533647275,0.4452829621621346,0.18434172336953694,0.2533262081904588,0.4450938963177506,0.4536343655953267,0.2899366049415137,0.14827853028219684,0.22778920489561824,0.250928783332416,0.11957520064637084,0.6696162914883302,0.46693247123738724,0.5269413521475506,0.14795082923566058,0.23053840240190016,0.17156732778680436,0.23704944684051948,0.48711845104929324,0.32299030468555284,0.2872732418590387,0.30182743139342744,0.25261345538269225,0.24813491225286105,-0.019010512354127457,0.12138021371337152,0.6940897113339739,0.30896740245321563,0.1849413778269528,0.15469092358038541,0.0723151881947648,0.2166892496720627,0.15323151390521156,0.18432993968137992,0.11678170994389558,0.16137728819674982,-0.022165712818695293,0.34766797574969066,0.2989653582492713,0.30838275255582226,0.32289037399872345,0.3427638695620628,0.3166940857802298,0.26696519255542706,0.25296175641928775,0.3326204396557458,0.2874984359066692,0.19011130605278237,,
EXO.AS,0.07648312578535829,0.1121015922134441,0.264569936546437,0.22105573772559214,0.18613380324645487,0.04695287695989194,0.044498370559954925,0.08454684722780714,0.04711145460360727,0.19296542434538572,0.1158158718369489,1.0,0.11100577481699125,0.04399027643210944,0.14478798293523976,0.06913329676951963,0.27676937044556144,0.017787809702456633,0.10635206680527377,0.1437857075616307,0.07169674375822666,0.12406161718198828,0.09471626622612622,0.10041206751062964,0.008938788213847868,0.07134704123069036,-0.01525236767801007,-0.022407372352781434,0.12489036835195232,0.09275693410181551,0.12836338562946445,0.08168891409376695,0.08762959695171436,0.0050761218171958035,-0.01650934362981046,0.09075410720135751,0.08173079077247625,0.09135342600645198,0.010100960930150745,0.033541663193162964,0.02685209998659384,-0.00032134213889281995,0.11030675961320266,0.2338685840137754,0.28865933966361235,0.28470956551996884,0.18723486490348634,0.26425182246068674,0.06316518554395834,0.03118038307873545,0.1716523862898255,0.2510927670208942,0.2633591214427927,0.23257820309586158,0.08371377205039873,0.24970443551245308,0.20623180025276472,0.2198257273886378,0.14755757361578944,0.23222380851115754,0.032446513658487046,0.30729716950245667,0.08992362689772719,0.08886921137592978,0.09319003649046018,0.10223777685704648,0.06607669134998273,0.09919264987427115,0.07123571640970937,0.11505285952981884,0.06438937650999095,0.03605761239379239,,
PLTR,0.2899974789941109,0.13760723276640985,0.2144816249534858,0.21191447961839774,0.19782435512352553,0.3232960643887149,0.1347428913018198,0.06974041334959094,0.014620349889854271,0.04487832036968617,0.385674922752017,0.11100577481699125,1.0,0.11726325376368808,0.09532847003730491,0.25739222750326235,0.13456238805748738,0.18700990338644174,0.2885252428146152,0.37377864414579504,0.30060200559439526,0.3795924971954474,0.3101630001909578,0.1696277729779718,-0.02863804925814305,0.19309456591121307,-0.025565943315202146,-0.007679940770507372,0.19877800855273778,0.19262633164289994,0.17794384798400986,0.0773535681526462,0.073627006483473,0.061749127160083926,-0.08556336198172418,0.2996787426733962,0.22294953172928347,0.32034879901719104,-0.018241929570496866,0.1110202276003241,-0.015991544326728887,-0.019062257719842556,0.22867046649665076,0.1362658327343084,0.12987728422007583,0.14252034056177218,0.07386032089475027,0.09180438940430781,-0.034584036743904985,-0.0012152142679559882,0.319934130739913,0.22324397568395457,0.04264737701221274,0.05603397917613601,0.014354096036487156,0.09212844839120665,0.03977434667095999,0.031055848993044553,0.030811813040292433,0.08604073272140829,-0.08044926839490676,0.1703322674775184,0.24753701233001094,0.2373721256039145,0.23813915793587945,0.2644440387273014,0.21085949942777377,0.29753233826568404,0.26416575066749437,0.34907369274990796,0.23257092166307972,0.1880576666064998,,
BTC,0.11431096646471939,0.09855984483610505,0.044757712539601806,0.0474174635664624,0.041096053811848963,0.19887929152935988,0.001017416180290174,0.06558126201183254,-0.05466057466684435,0.04385952325978665,0.10490059896761635,0.04399027643210944,0.11726325376368808,1.0,0.7642309240023251,0.006658865630700866,0.021070112198461166,0.0645028508258786,0.03840760177663926,0.15959594487626788,0.06744427555176656,0.08003406138290539,0.057071234521903595,0.10652457171561251,0.0027502468447729504,0.06667731713615208,-0.03416175955940895,0.01156370134360402,0.06102967754854917,0.06188425246326468,0.10014878870889668,0.014719828813710662,0.027503897930128866,0.022720000722544403,-0.017896562978499144,0.13629874790523538,0.06226672109824858,0.09171883911385845,-0.0589804995716935,0.024954985604456286,-0.01743420213535966,-0.013936583407966828,0.04294977709255448,0.05455654262270678,0.05005173313603166,0.037469660716867595,0.026892974971422835,0.04193324413463187,-0.006163863514654656,0.04105574690608348,0.06100338824070873,0.042727936109793856,0.010986968326534416,0.005192383965800084,-0.0017561287032050962,0.017864622031744673,0.018914940445231163,0.0247101727409133,0.00661008878778416,-0.03744011716372545,0.035087241574155006,0.09102326095650491,0.03931226404515015,0.01955505744523272,0.053439842535684894,0.04173473005811537,0.027752517874198603,0.01945885031351116,0.03154163105006034,0.043672530001271345,0.005146688025107659,0.01151915598871919,,
ETH,0.13350115234535667,0.09211045038124221,0.08155802589678571,0.08492970950143594,0.08291622832580638,0.18111496647125264,0.0016902302519168195,0.06436150065242899,-0.09456977336429381,0.05317109440183823,0.12548956178951787,0.14478798293523976,0.09532847003730491,0.7642309240023251,1.0,0.024967859258105816,0.03237021789917738,0.07575374615897577,0.08085954874134876,0.15779512458541362,0.08854134750204062,0.10247555493454318,0.06618484065749457,0.08599638151204464,-0.0189574945716783,0.0683744409965466,-0.047436298315586906,0.03243627073519105,0.07255538267803084,0.05891758519253403,0.08644040024427503,0.010299434397544873,0.025311453964547183,0.032862833520243405,-0.01431761132332207,0.1744684828106522,0.06750700396076971,0.0967233568307639,-0.06255467028297783,0.005824690437272049,-0.01955090523389995,-0.011561800544515081,0.036221019690746904,0.07347089605198705,0.07678386546239206,0.049678007745581995,0.029712398870300128,0.043581152562193456,-0.04066583268062766,0.039971712802746,0.08866127480072128,0.06581755016572337,0.04039642962782047,0.036604234109015754,-0.008751825888901192,0.0326464069613644,0.024273435345719952,0.023088380763858316,0.013305210157819804,-0.0046511831254516176,-0.0077842378467467945,0.12356433740300639,0.046571578366209294,0.03062061109307444,0.05651216533702793,0.05405320161891788,0.014699186668928057,0.015526477060199946,0.03388290741923437,0.04401362962554871,0.020312716275539332,0.028386203524600886,,
SOL,0.17216656388946153,0.11690136161169379,0.17824680834620354,0.19337213414562715,0.20541302101571174,0.2725606329614812,0.17765637242939383,0.11063600459610297,0.02218947087275846,0.08771464653526659,0.2130552140956272,0.06913329676951963,0.25739222750326235,0.006658865630700866,0.024967859258105816,1.0,0.1413779384245626,0.1915697377903486,0.2078212445084225,0.2917860608864523,0.19076492137191658,0.21579844934899434,0.17083048268445586,0.10888038374674955,0.06333626637548859,0.12741577919308827,0.010580172930665032,0.05803738767483505,0.18088179188134262,0.14858105706648028,0.1409127065750487,0.10105161128360013,0.13202898689256498,0.04643401682276701,0.02845558631549091,0.2152024723993411,0.13063535547561955,0.1952704454649501,0.010417182819903332,0.07448277059812487,0.03918769259591896,0.02854438645308896,0.18377229224790967,0.12815645555427177,0.16591114420093206,0.12723849972187715,0.08006172670002976,0.08527648734741955,0.016384136557332965,0.03082716103308247,0.2706149851508621,0.15898548531966702,0.0940931441500651,0.10523285147737718,0.02649785794406396,0.09051211218888003,0.09306281821166767,0.0661979078964918,0.08811625050884213,0.12129400852367982,-0.04478845873734654,0.181497596212453,0.2502353122266271,0.2445620038191669,0.249951412446449,0.31619234511071076,0.22552784057808542,0.2925914164174937,0.27290695231721873,0.3483463842735535,0.23297021584221683,0.20757461820494777,,
MC.PA,0.28611793123779017,0.3855046842118359,0.5231991759158057,0.4461233542318498,0.45457177956689054,0.2138826336629038,0.23211487702948586,0.1024268033076418,-0.04104276123764171,0.39670782721281544,0.2709405744630729,0.27676937044556144,0.13456238805748738,0.021070112198461166,0.03237021789917738,0.1413779384245626,1.0,0.1724845536422999,0.2901089508620642,0.23066816941975815,0.3149926170503791,0.24147018760049854,0.24975855731407318,0.37706601276103074,0.19181505170279856,0.4072212466497766,0.18497095387238743,0.20762118638019628,0.3193819023474042,0.41936345321061436,0.36770437032585856,0.2415067853260695,0.29847762221325214,0.10856201183524351,0.1516568748162268,0.290124854031916,0.2118496654862864,0.2815874463380943,0.17553328738930726,0.10121242945125915,0.2993571170034378,0.2304874917971059,0.3625108661736053,0.4783545823869311,0.5817990442857702,0.7986740283397087,0.5007059684897041,0.546643381313374,0.1657151776051463,0.14674234142125778,0.4379764790407603,0.41105615732349526,0.5168667617491403,0.45758175329137707,0.22627722023232213,0.6732613628769952,0.48916562802836994,0.49856082943546043,0.47080912796894475,0.29922310115523076,0.13373787328676182,0.5936850109042178,0.2949425479159323,0.31264461899700013,0.29316308176704065,0.30968370908891757,0.25322419550701397,0.21420862649385417,0.18522929744679556,0.2808514525295484,0.23026610085559904,0.19220447968526228,,
TNDM,0.3137860370983596,0.1767290084613216,0.19045070545900863,0.2040384671875552,0.2243146799366527,0.22204917456326767,0.14799927048817585,0.10913108416134376,0.042054986799735405,0.10199723187334127,0.32624109892114805,0.017787809702456633,0.18700990338644174,0.0645028508258786,0.07575374615897577,0.1915697377903486,0.1724845536422999,1.0,0.32309609984420085,0.2515237095295761,0.32206460770971423,0.29194141470755774,0.3022775378941436,0.14587368261262634,0.12566366596541864,0.2519128614849553,0.1431727797759568,0.18295470898158198,0.32575463634989715,0.2655769233155487,0.1658336051881507,0.06670999858652633,0.09606346781739707,0.12234509317096506,0.10090291448677398,0.29364190813054436,0.26898181806248533,0.32809409742951445,0.14052312332735808,0.11596227720075454,0.14224272347379877,0.1805939262130327,0.3218361386229874,0.16038760861880708,0.1409183410940707,0.18666713151737693,0.059204827077074786,0.10012891825076699,-0.20905190555868966,0.05693760232208752,0.31601357674054725,0.19624419630340495,0.12306150695081237,0.07195696526141863,0.02699108523441839,0.15087657951743538,0.05490479335598016,0.047285277393892385,0.06785704664998092,0.15184667126290477,-0.02940298727393902,0.16813737961793004,0.21385703043535137,0.22907264549999545,0.2243433326421904,0.22908574987796518,0.1957219080300562,0.18154508076236034,0.13641234945191583,0.20189792884596483,0.19223202003655762,0.15698136355210665,,
AAPL,0.6313012703246398,0.5069381978651878,0.3361125599300242,0.34070583983969777,0.3481402945974336,0.27891454793297227,0.2705539936854545,0.08975438412159013,-0.016173769753356486,0.2278887754874904,0.5825721532307349,0.10635206680527377,0.2885252428146152,0.03840760177663926,0.08085954874134876,0.2078212445084225,0.2901089508620642,0.32309609984420085,1.0,0.48240754289932497,0.7284250104932349,0.5891235494438183,0.5513117500759241,0.37695247960225314,0.3368727848670528,0.553911516711807,0.3886784061681275,0.38189375997941605,0.5313772802322592,0.5652916068518065,0.3828798110580582,0.24303340299304763,0.3022265826463038,0.2901726883113664,0.26319915575179437,0.5269012943268022,0.5388660188762618,0.5203094958591338,0.2739734692769056,0.34205518531320944,0.4113514312517836,0.4590073257617851,0.5652737909497403,0.31862247076997696,0.28339001350168486,0.28018899835202704,0.2600022395669406,0.2864290645954814,0.0432947712152682,0.058072123789336134,0.551452567446172,0.2974403316532711,0.23186602460938147,0.18400403656117476,0.1359919825680036,0.2780078850758384,0.1907168274261153,0.21494654902668048,0.17589011218829725,0.19637061130444083,0.04565178849551122,0.3088778210702677,0.30335408167005595,0.30826007504725483,0.31437876660935127,0.33491367035257114,0.30789407141249625,0.2304658948143311,0.19944294048049724,0.3239790967480253,0.2642997484768775,0.17886040063402633,,
TSLA,0.4024572776213982,0.2639573775376139,0.2786569031030279,0.27528406697093205,0.33069190124799613,0.3572411733205596,0.20973216566472838,0.1074448165700553,-0.0013333688126585513,0.16015853649578174,0.4685136177947542,0.1437857075616307,0.37377864414579504,0.15959594487626788,0.15779512458541362,0.2917860608864523,0.23066816941975815,0.2515237095295761,0.48240754289932497,1.0,0.4336465609664422,0.4353182348262996,0.33498057501923717,0.26277867909250524,0.05564760066301042,0.3395516536888407,0.06377006362970207,0.18704283093418023,0.3199163277883039,0.3351191306390858,0.26737166942714047,0.139003108183052,0.20288421066763043,0.05952703358472788,0.061171087779698166,0.4554579717795769,0.32651946754360406,0.40802910914998625,0.09440581163194996,0.15143967217829218,0.1223610939872624,0.14955770909023658,0.31931539547413906,0.2041595519411883,0.21029569091906056,0.2293165732108007,0.18276920389583412,0.19104359798918605,0.030929749338542194,0.06255896863968263,0.4319842271184592,0.21756593388461207,0.20284645746543764,0.14145051038632478,0.08620198505879528,0.1559168229110539,0.18569924332101756,0.17367409371342285,0.1606037512602994,0.17558423130500855,-0.011864139468765383,0.250013934652575,0.2752735678226451,0.27337824973197805,0.2773172589813239,0.33492142265370034,0.2909790227943167,0.3098107509546931,0.27654946945360837,0.4588771188004993,0.2677181437340309,0.1842922453362714,,
MSFT,0.7301047063406052,0.49729933128236975,0.38227661797263945,0.40642206471907655,0.39919600226335694,0.3176662513480244,0.256197212532606,0.06276024471882298,-0.021334382472083677,0.2534680163721113,0.6734262246545595,0.07169674375822666,0.30060200559439526,0.06744427555176656,0.08854134750204062,0.19076492137191658,0.3149926170503791,0.32206460770971423,0.7284250104932349,0.4336465609664422,1.0,0.6779873642206738,0.611774669869076,0.3944971943402813,0.33437227058437674,0.5771756738713827,0.4119413776197023,0.40228811239433787,0.5538814091378959,0.5882184239965288,0.39147253818865324,0.1998044818563906,0.300729611507339,0.3432376057596118,0.28553330301212604,0.5892824586553392,0.5565761826375585,0.6246990184500247,0.29775791330566304,0.35716997636376857,0.3902877033354593,0.46338260246527535,0.6318188479422369,0.379007722708654,0.2883477521250548,0.300331094874265,0.2976062025915019,0.32223206567278084,0.044805845872684096,0.1322804986998786,0.6190722349176802,0.3188775615352554,0.20197098528233676,0.1730022147494848,0.12774759948207084,0.277256959140948,0.17196332828239363,0.2077935778014616,0.1814333984118342,0.1605049478316925,0.009451031340792075,0.33481762954517647,0.2754886920572061,0.3022847169089806,0.28617194204446456,0.3164349559804967,0.3101801272066964,0.2129314455214252,0.18702847539106457,0.2831154089451378,0.25392729242673306,0.14561832399139713,,
AMZN,0.6470069523256099,0.33184336188122543,0.3362356374190462,0.33595142044686954,0.3304962125142296,0.3005390721319952,0.17571673377819594,0.0897874408821116,-0.01077616666567546,0.12594076721562333,0.5751594818943389,0.12406161718198828,0.3795924971954474,0.08003406138290539,0.10247555493454318,0.21579844934899434,0.24147018760049854,0.29194141470755774,0.5891235494438183,0.4353182348262996,0.6779873642206738,1.0,0.6127698321747312,0.255436006783252,0.1494507317795513,0.39819061684878176,0.20585324938329103,0.19961099916009556,0.4206839453232003,0.4138994483389382,0.2684470794941416,0.10820528664467907,0.14433735031912437,0.22340511027860388,0.1199965466020161,0.4809306282583224,0.4945553621478809,0.5547500321396429,0.1348661558407959,0.297513620088471,0.1885077929533213,0.2548851034014894,0.4794944222064597,0.31317628858337765,0.20907219289207424,0.2851807430117061,0.1432202129276748,0.2026968887507403,0.0026644388483512854,0.06499814974526805,0.5330491696701379,0.32097636910058736,0.10916961834045295,0.09230863805265271,0.04785276005636013,0.2199608744231604,0.07662920447260102,0.08465467890943841,0.10232789891286473,0.18481403844539662,-0.0027028325740340135,0.24765649061910924,0.29499238631063707,0.28338898592873035,0.2987481082837164,0.3187871060734742,0.2798362066957146,0.26249798739086166,0.23222663004473326,0.333800656569279,0.2677915942814948,0.1290405197544834,,
META,0.63036411473512,0.3540419560828644,0.33329834757050836,0.325096512259447,0.35129295900980917,0.2815982280050763,0.20266254347250567,0.024042289493050067,-0.06758700784422539,0.19123269424764663,0.5236560072773796,0.09471626622612622,0.3101630001909578,0.057071234521903595,0.06618484065749457,0.17083048268445586,0.24975855731407318,0.3022775378941436,0.5513117500759241,0.33498057501923717,0.611774669869076,0.6127698321747312,1.0,0.2927395738141998,0.17192593993022912,0.4247838013766094,0.2196101942822162,0.195175454612781,0.4162262365749936,0.4363927180116808,0.30091249938464276,0.1298948479792667,0.1900765254264853,0.24249995401443453,0.16313764033438696,0.45002111964942065,0.40895287372721933,0.5043114488570098,0.14983420041372533,0.21964177913103436,0.2077725329231331,0.25292115365816775,0.4690151662733089,0.3168214758438675,0.23620224838101164,0.2680750794887176,0.20923398595107923,0.24393993940939543,0.03359759452544879,0.11629250043902965,0.4978242429623295,0.34070911273729787,0.18553222106292452,0.16152280137952243,0.07500858288653448,0.22275752035308957,0.13223213794621133,0.15399824222893083,0.15146781612495488,0.18115562935409663,0.024605985428041495,0.27507085840665396,0.30981349882072473,0.2834861418586485,0.277934621526449,0.3175260867162507,0.2973508890214947,0.2509678988141744,0.2222804309408036,0.28719127757409163,0.2664140499360414,0.14454403968097046,,
JPM,0.3786962184417221,0.7685613892549867,0.22745019246558074,0.24807849453641317,0.22357459624033038,0.25675593832537214,0.39613220939973226,0.16053427985756752,-0.09791930426701669,0.34659688251406284,0.30809125948011645,0.10041206751062964,0.1696277729779718,0.10652457171561251,0.08599638151204464,0.10888038374674955,0.37706601276103074,0.14587368261262634,0.37695247960225314,0.26277867909250524,0.3944971943402813,0.255436006783252,0.2927395738141998,1.0,0.3831022451443094,0.603337212162195,0.33557588084051226,0.43162651550847847,0.4791010737832396,0.5957001081617479,0.8843461278434194,0.5379444934893758,0.6075409391956309,0.20276340338998658,0.3148526469605852,0.3874969050045862,0.2843467324354161,0.32028702436705153,0.3505145366225275,0.23831859378927042,0.5006312481967978,0.3888436416648752,0.5058214167354148,0.27270156512836075,0.40402172903709954,0.2765831272009124,0.41502950349331197,0.30822947413297747,0.10681284333616398,0.013159008279233273,0.35960759822279365,0.15085183503477467,0.39281585714495687,0.5033830252288163,0.32135271540604887,0.24550058756934193,0.5620211001603693,0.47913887638652647,0.41083667351759473,0.15666564918747264,0.0367504002509184,0.3706543823755575,0.20224372276735586,0.19976444311981864,0.18393483007338227,0.23117589195733151,0.17040318357670867,0.11858161747079278,0.09855961228961992,0.22802528597064534,0.12451213704455925,0.12025521943370056,,
JNJ,0.259369880272748,0.540439625432607,0.04792588950667736,0.06642802804732949,0.04367320905256642,0.06918830991136926,0.2065095745666473,-0.0077037077131298,-0.00449708624781391,0.19083482512642996,0.09959116533647275,0.008938788213847868,-0.02863804925814305,0.0027502468447729504,-0.0189574945716783,0.06333626637548859,0.19181505170279856,0.12566366596541864,0.3368727848670528,0.05564760066301042,0.33437227058437674,0.1494507317795513,0.17192593993022912,0.3831022451443094,1.0,0.4284592588277865,0.6028282821641284,0.4786951969489032,0.38851667450938193,0.4089417139901475,0.38388330902872914,0.2856822657957995,0.35019659420726135,0.4054878984279784,0.5251780387380134,0.13104415832920516,0.346157534916584,0.1930867637036269,0.5135362600161135,0.37177481415945435,0.5781871700915031,0.5889150732226066,0.4113825537509366,0.17340765873954916,0.15410004984965237,0.1096944508470063,0.27878041238137935,0.2636217346658904,0.08852916806063134,0.1069489699713768,0.15162030605679974,0.0569001712187348,0.18088477636848385,0.17619887622681263,0.2370946543145853,0.21480983648722654,0.18491010032364608,0.21709931357740225,0.17748416581984805,0.146700002161747,0.11664293270326007,0.15209581423243895,0.09691255869524291,0.0854664262571654,0.08778944907474885,0.07696977682300653,0.07005891000828018,0.01674341058461459,-0.008233035544318573,0.054166129547087105,0.022480455481658463,-0.018823049916713793,,
V,0.5187183058946053,0.6667360191020185,0.30559811592429087,0.30058767038245154,0.316476879509305,0.28229867098240125,0.3323716541103354,0.138289164831482,-0.050845163420875625,0.36917005573297496,0.4452829621621346,0.07134704123069036,0.19309456591121307,0.06667731713615208,0.0683744409965466,0.12741577919308827,0.4072212466497766,0.2519128614849553,0.553911516711807,0.3395516536888407,0.5771756738713827,0.39819061684878176,0.4247838013766094,0.603337212162195,0.4284592588277865,1.0,0.428099440535969,0.4634030581129434,0.5371090410446127,0.9053301614307664,0.5851732520836418,0.4234887900420558,0.4913055073013581,0.27614639915489936,0.3448665985964078,0.46166915403799386,0.4231104644963573,0.47632937306172995,0.3985455437140645,0.2802718304214881,0.5439451830998756,0.47971528026110755,0.6278766600452125,0.3502504182345358,0.3757202510226334,0.33640597290218005,0.43415241697336,0.3559325114356287,0.12933022156648694,0.09951894502523193,0.47117904221179385,0.25891404546449714,0.3429086209700937,0.35672157522120795,0.245103038415956,0.3311942077655667,0.39860377837036787,0.388398049736207,0.34482213877290774,0.2192944705311077,0.07039551224850596,0.3806990097980313,0.27671129501879715,0.2753808047718698,0.25367214279301203,0.28970960014011865,0.2368386117007172,0.16447843032400822,0.13912022183339148,0.22976242150187035,0.20550189983066838,0.1641727732500012,,
PG,0.29149780610715875,0.4848053223407834,0.04468108003132971,0.10083206727951678,0.05206446987914631,0.054891681467484264,0.17133066451426293,-0.0395123451302908,-0.01856658260614006,0.14648720112523433,0.18434172336953694,-0.01525236767801007,-0.025565943315202146,-0.03416175955940895,-0.047436298315586906,0.010580172930665032,0.18497095387238743,0.1431727797759568,0.3886784061681275,0.06377006362970207,0.4119413776197023,0.20585324938329103,0.2196101942822162,0.33557588084051226,0.6028282821641284,0.428099440535969,1.0,0.4380456936647686,0.4413860072816269,0.4170742102373913,0.3486208175573647,0.1885773811392001,0.2076521652777391,0.37061889296710937,0.4406369244000127,0.20520373619598234,0.47630887997749705,0.23754086849739325,0.4065799530467478,0.4842387302286683,0.6372116143125748,0.7229845545117285,0.435064061327637,0.19071521510851716,0.10814434497959226,0.14399946316111026,0.24219873609879325,0.2653526679670052,0.07972673007544108,0.10973662923349613,0.20222847899578467,0.09596037587780946,0.14642651062603776,0.13931824107387342,0.18717942481993732,0.26969813899195,0.11225530856228207,0.1501935328763198,0.14701958926872744,0.1328780216521556,0.20913832862927526,0.17800839007306887,0.11408885848387125,0.11230610152161949,0.09885403499879244,0.07494209110477817,0.0985663996010935,0.04284016772127051,0.009614213118992899,0.04069842731560821,0.049215462812168584,0.013916478215239624,,
UNH,0.324452641703389,0.5165069561513979,0.12743893932127992,0.1433572601627412,0.1674082254158328,0.11617909110749221,0.2414933765188719,0.09295207271601318,-0.055635999864631795,0.2459794541171208,0.2533262081904588,-0.022407372352781434,-0.007679940770507372,0.01156370134360402,0.03243627073519105,0.05803738767483505,0.20762118638019628,0.18295470898158198,0.38189375997941605,0.18704283093418023,0.40228811239433787,0.19961099916009556,0.195175454612781,0.43162651550847847,0.4786951969489032,0.4634030581129434,0.4380456936647686,1.0,0.45456574769744473,0.44851668139840667,0.4182634569519697,0.335672959205921,0.43007475931967976,0.35078362727179774,0.40405375774210683,0.28409137804662105,0.3413257509499606,0.27392396423325677,0.4408974560335109,0.2803046599108084,0.4717914851030217,0.5088291507627318,0.42527264659771535,0.1868122012533486,0.19160646939723547,0.17076979155962013,0.30994752983988316,0.23798283571033008,0.09279238633972291,0.0875187636997207,0.27029099106133797,0.10566070053709006,0.19302902691622364,0.20793302474604733,0.2058599893450121,0.19551500371249592,0.23906939341411237,0.2709040797648108,0.21818824393123815,0.09750666203903621,0.0753332676339383,0.21594285309088834,0.10103302463115663,0.1036106212148466,0.11620195715996241,0.12390726549174083,0.13619729058533075,0.059762552257467176,0.02034155766257299,0.09227554757573836,0.056995111871074734,0.052885090908732925,,
