,GOOGL,BRK-B,ASML.AS,BESI.AS,ASM.AS,HUT,DAC,AMR,FLOW.AS,HAL.AS,NVDA,EXO.AS,PLTR,BTC,ETH,SOL,MC.PA,TNDM,AAPL,TSLA,MSFT,AMZN,META,JPM,JNJ,V,PG,UNH,HD,MA,BAC,XOM,CVX,LLY,MRK,AVGO,COST,CRM,ABBV,WMT,KO,PEP,ACN,SAP.DE,SIE.DE,RMS.PA,LIN.DE,AI.PA,DGE.L,NOVO-B.CO,ASML,ADYEN.AS,BMW.DE,SAN.MC,TEF.MC,OR.PA,BNP.PA,CS.PA,ABI.BR,PHIA.AS,UNA.AS,SU.PA,BABA,TCEHY,JD,BIDU,NTES,XPEV,LI,NIO,PDD,TAL
GOOGL,1.0,0.4634271896488464,0.3488857464139795,0.3382026715636628,0.36517659449462275,0.3266704289121181,0.24328811107042056,0.07700588876113693,-0.012455049900388869,0.2358218603704408,0.5793345410502252,0.08147450769582638,0.2887823059910187,0.11334050601935693,0.13400755616848964,0.17122955319760086,0.28723294630172563,0.3142616344750175,0.6305086946915143,0.40134292864429477,0.7296062077448325,0.6469654956059785,0.6300503915007721,0.37737396681849084,0.25849428430897736,0.5181546886321781,0.29033944099514575,0.3239839066195065,0.45363028819722867,0.5277157728125879,0.37941788816132016,0.22451296692354958,0.3075976853833471,0.25043865105910873,0.2121336112476823,0.5119023428350817,0.4585994907209132,0.5286166912206557,0.24881691040294415,0.27683136898362953,0.32550111268983234,0.33828933938894523,0.5619004772604963,0.31138385466148727,0.27643820336063757,0.2796008216296358,0.2565496969181592,0.26611050721161744,0.03338841381221621,0.0806140035367742,0.544820797660061,0.2943215394847294,0.2253019325194513,0.20034253135763733,0.15332134879145787,0.23938213418603255,0.19979531161490977,0.2029456522765033,0.1808601558393493,0.15873945670171052,0.02817818206433862,0.3110268070382469,0.2992947709175601,0.2948052464602649,0.30218800194808154,0.3533795180558294,0.29380803229528074,0.253896594896242,0.2019660835890042,0.30712502966010363,0.2687721816796126,0.1325615007128747
BRK-B,0.4634271896488464,1.0,0.2540169025881141,0.2637325187112499,0.2545023580689453,0.23132667717777464,0.3941950570758979,0.16812665254266965,-0.0478637520752382,0.3819939275517491,0.3370882446951861,0.11578085141961098,0.13540161198127254,0.0974731612984817,0.09277105362846869,0.11571503471123691,0.38375488879906255,0.1772320079356778,0.5055810505255148,0.26220383949907444,0.49614737442015866,0.330929295571416,0.3527895134895611,0.7681769411010171,0.5398840355893707,0.6665648785773649,0.4838080918676076,0.516272600751845,0.5646918002581526,0.6595255086859196,0.7470635166488757,0.5595841418560122,0.620009795573438,0.3014764499555936,0.40254773899041346,0.39468850488143026,0.40672186429771084,0.3747616958530576,0.43248994664373813,0.3603920916487324,0.6162671080042701,0.5449223986704476,0.5913647713303863,0.3213292341909582,0.41233286220457777,0.29817109082729565,0.45336855905825124,0.40169273759898094,0.14226949657498503,0.04716935217363713,0.4083434435589506,0.18557189474851063,0.37505048641054384,0.4559941218349071,0.3427218187373614,0.302669349577591,0.46919192929852777,0.48126685493936683,0.4287454692745095,0.22521795240671494,0.08569129509175144,0.38817727267546753,0.19270449186679847,0.18292272678965701,0.1891077110433433,0.23131995285073614,0.1937912059476321,0.09637190203045855,0.06255266216298436,0.19807385010667264,0.1002477356591566,0.07776383384706038
ASML.AS,0.3488857464139795,0.2540169025881141,1.0,0.7277828277733305,0.8182042934736145,0.2614185544211419,0.1855066815967481,0.11567615416179394,-0.015617326884590664,0.3522242915941716,0.459039977132358,0.2689684385267612,0.21410054975459494,0.04518187935527048,0.07999271355950356,0.178962620191541,0.5210177194233279,0.19244716873603485,0.3361090020291833,0.28051654579239155,0.38196105171672706,0.341027864658271,0.33400600752178106,0.2269835217047151,0.04752845710855501,0.30681476288019377,0.043956086776729256,0.12882394851833226,0.2730419821903869,0.3222975375438772,0.22027391357549736,0.15318710114178793,0.23292349634855886,0.113079578924328,0.051151879082081804,0.45342401238805935,0.2540444165216805,0.3239751561358754,0.06763082738667872,0.07587813325424217,0.1337460634178253,0.07836656633006873,0.3630570569311447,0.5337237162450105,0.548371212049891,0.542161289850371,0.4569435283802518,0.4408769241182913,0.08407720238974542,0.20988308138139844,0.782463626090135,0.4269986348486065,0.3775315407405635,0.314247808766749,0.09790951782979798,0.44333192872369026,0.3066666269216231,0.35579195009490994,0.29693815064155565,0.24931324381746806,-0.014875864194455581,0.6014015251107823,0.23931670506441577,0.2641403577983669,0.23175124381266057,0.2817195429213761,0.24329422201910353,0.16875583774844535,0.1721142860926475,0.2522114424406625,0.2273922609622616,0.12662044828668287
BESI.AS,0.3382026715636628,0.2637325187112499,0.7277828277733305,1.0,0.7300616402052365,0.2312936195394262,0.19441816555832606,0.09033612704978924,-0.0015625490755661142,0.305833134371327,0.4229186592914175,0.22895288280083437,0.20832984311626276,0.04386166521563166,0.08392043093144655,0.19300850595404714,0.4426331799919799,0.20246470872329556,0.3397532729659215,0.27508687803180437,0.4038488627866701,0.3365118566412187,0.3211323965172179,0.24513812995273052,0.06726568894759304,0.29993451333036597,0.09927049075880798,0.1441402661082261,0.28096048272991786,0.30782320013285747,0.25537201524321673,0.13447956622504675,0.20807009725717246,0.11166449134376605,0.05472442323678795,0.4176753764209675,0.25860734848804995,0.3242934788947222,0.09401152898973425,0.09666331693541615,0.14516209521059015,0.13588625730068737,0.3581492967739963,0.4670069886069992,0.4481570855598256,0.4430034161957515,0.3579788800561375,0.3869164449831697,0.03806795722503768,0.14130978527255095,0.603991073447137,0.37889860191717634,0.34919518781418096,0.2674201499497715,0.10078614281595899,0.36596096011786095,0.27639316742748665,0.3125227029845344,0.2434840291393772,0.24460482892498372,-0.058240000288560544,0.5353653312253189,0.2145275637773796,0.24909099923601566,0.20421206625526456,0.25988411305418424,0.2129801868564553,0.17040868372488932,0.1612602114842625,0.22951213511731694,0.21489215655851046,0.13405939075411913
ASM.AS,0.36517659449462275,0.2545023580689453,0.8182042934736145,0.7300616402052365,1.0,0.2670592728305615,0.1873378276043761,0.08961339533416728,-0.0408834517029296,0.3403060304551137,0.44011746414269365,0.1907636671923136,0.19299075105855637,0.03812794211616339,0.0822953546631354,0.20560204572833557,0.4497654787301296,0.22557007737442855,0.3456136854405602,0.32715832410996964,0.3962114751966435,0.33125113671609857,0.34828472210628253,0.22103802332911657,0.04313691045937791,0.31419356066148735,0.05059749874579692,0.16759054352744668,0.2970171859972608,0.31537496261352765,0.2131303569900134,0.14446122631839847,0.21766006562191184,0.10750311312829618,0.08357007774589237,0.46500972797060897,0.2700113708484654,0.31254659865807694,0.1002787113261399,0.11072869906476766,0.12784777669355057,0.10912610453497212,0.3607087380336754,0.47586262460037193,0.47472854922927343,0.4837015295224179,0.39778941930256095,0.3921859613738496,0.04314301323595893,0.21151744605349318,0.6652586769041483,0.3962707297745966,0.3219220217106546,0.27731125036366305,0.06699381173055081,0.34866678948489865,0.26975015455227563,0.31683270097472965,0.2525364891422896,0.22949175233175428,-0.03967201246332091,0.5720348600328545,0.20831146922879729,0.2375114285623934,0.21069254377121835,0.2571007885532501,0.2329506283752926,0.16885024422826922,0.15358259848144118,0.25226418751796664,0.21023243318375265,0.10474568235247879
HUT,0.3266704289121181,0.23132667717777464,0.2614185544211419,0.2312936195394262,0.2670592728305615,1.0,0.1874883273588275,0.13854134916237162,-0.00447680549950976,0.17873650936911498,0.34832856924276157,0.050951218647790286,0.32022374662343617,0.1970344265055371,0.18108739151234593,0.2716380175113299,0.21087701458405964,0.22210732821327306,0.27742022298063895,0.35501906675099076,0.31604756014611923,0.29835087279539296,0.2791040210865346,0.2543995004975038,0.06840199632031688,0.28008386474614244,0.05339712286022291,0.11654471888374872,0.2464536049544882,0.27706667416330816,0.2567420429223402,0.18242691093169094,0.2047442786915131,0.06351750370253341,0.08543769860988112,0.3190060795480069,0.20138327948351573,0.2980655524062049,0.05294711726955877,0.10695717920592494,0.10721246960640876,0.06626005129845378,0.28898837170362857,0.16841238630587216,0.20253332369837074,0.20105625310093928,0.13941064940003073,0.16450246435533092,0.03692042774437342,0.0771832936451638,0.35421095433777,0.19107818572291363,0.11442423937901416,0.1307787149840675,0.04783274461086105,0.12247341758469833,0.13610406138476502,0.13492929446850493,0.08597507381742275,0.06533804712708349,-0.03885960060044862,0.24932886797165515,0.2094919423275541,0.1778741263829138,0.19696599504713527,0.2697083787859678,0.16872052067656929,0.20435391620483845,0.1868164302727464,0.283972076797833,0.17558522013142042,0.12997853341225457
DAC,0.24328811107042056,0.3941950570758979,0.1855066815967481,0.19441816555832606,0.1873378276043761,0.1874883273588275,1.0,0.17330689272220182,-0.03638209311947099,0.21973252765170428,0.27799111563869133,0.04770232166125055,0.13257330865508277,-0.00027662345416417386,0.0027196389269801306,0.17640403029827714,0.23301389778652307,0.14895807032320932,0.26786884216000295,0.20761328506845278,0.2540698537914039,0.17447983762400626,0.20086628617688437,0.3944726613517334,0.2048459430590606,0.33143073823891644,0.1691001249097814,0.23970296501203667,0.359985676420571,0.3209365632162185,0.41576576527664416,0.3966296399432066,0.405896947057944,0.15747145185551284,0.17860070367469397,0.2891789480584596,0.19221398947464355,0.2182909793222723,0.19040412632806472,0.16171340990140484,0.2791093329245304,0.24966809535423945,0.32629418613784855,0.18412644646234114,0.2593132715110145,0.16443365056792522,0.1805831856667085,0.17837029488208858,0.03467786916345352,0.04161495441399291,0.313523627075792,0.12727245754399788,0.2530089819682011,0.27510319526153215,0.1839842386309459,0.18157369492400027,0.3043871735532066,0.2892755608071482,0.19144490395173058,0.16051917980904426,-0.10010630250874798,0.21469069498742613,0.1681680935105963,0.1942570971125776,0.18670233915787116,0.2616179849683974,0.17534806520677645,0.13341207128861968,0.12813888556312172,0.2508667223633355,0.13759846004504456,0.12199977566042132
AMR,0.07700588876113693,0.16812665254266965,0.11567615416179394,0.09033612704978924,0.08961339533416728,0.13854134916237162,0.17330689272220182,1.0,0.021201278001646777,0.10453984372319486,0.11427428869976912,0.07790897230677424,0.06746854955678146,0.06460780289962603,0.06527391353597967,0.1093855628591882,0.09365033328210247,0.10974462885284648,0.08694503752582218,0.10523128361990448,0.0603729171994863,0.0883502470350407,0.021797891458741663,0.15825551559105797,-0.0095897584779366,0.1367395119593754,-0.04190778211504019,0.09109557684493669,0.07185140100882605,0.1395442377957327,0.16487314105023576,0.28317278789086686,0.23237451185187255,0.033838458058229666,0.06461939705076176,0.10753546481894123,0.07594413781711314,0.1006395279411361,0.024944829263414223,0.015760399912591337,0.028741670542799296,-0.00686091160100653,0.13636983164881403,0.028756330083828188,0.11725674983746355,0.06051622620069589,0.06799422393680056,0.05261572004866139,-0.009817748182635191,0.020820125957055194,0.15021193606730454,0.05486570972645696,0.10008884110071788,0.15540653860845494,0.05004401975396589,0.0655822262407336,0.14170439747332134,0.11345542312858703,0.037677573066819715,0.02435983070427154,-0.06081350817498386,0.07978821406066865,0.11712036941452292,0.08510481503819634,0.10160342686859816,0.1359025082829536,0.09746546760001859,0.08795231942161515,0.08914071188118952,0.10499827860817193,0.07935726364010107,0.08912376831445129
FLOW.AS,-0.012455049900388869,-0.0478637520752382,-0.015617326884590664,-0.0015625490755661142,-0.0408834517029296,-0.00447680549950976,-0.03638209311947099,0.021201278001646777,1.0,-0.030331700187545087,-0.00123110367968281,0.04991436372754975,0.012677644528925275,-0.04991237485707994,-0.088819063608021,0.025114228921067797,-0.040314571470061504,0.045468175799695254,-0.018975574254345394,-0.007970158034892802,-0.02140049907868871,-0.007285745705994709,-0.06536384287322151,-0.10142124479741121,-0.0037529792386173364,-0.05417228543281348,-0.022559399955762133,-0.05302854278629124,-0.06096688735284714,-0.04320540525209386,-0.05267819045678179,-0.03539130115120019,-0.05969156941820376,-0.02906255635582503,-0.061761611920881365,-0.021428207751183113,-0.002092064669169338,0.016633966134802832,-0.07064593920879254,0.01657320973574521,-0.04849369710103047,-0.03322233787694948,0.0036526511914340924,-0.04873444965393394,-0.044792317934143476,-0.05419638033131873,-0.08260388421644815,-0.020463023908489045,-0.02581476715271084,-0.04820555524069428,-0.018180428339569926,0.05830757098651148,-0.03483915339676758,-0.06761835908835344,-0.01477285269192017,-0.013427858714804237,-0.056727456563688,-0.07040404746224999,-0.10375681142168736,0.018175471570044427,-0.04446785207575229,-0.030242532813009648,0.019308782501033232,0.02972966095406661,0.0324060535094297,-0.013865447272320246,0.02230109046498266,0.021015294407881902,0.021254251317020988,0.02161509819553192,0.00949536012451971,0.03517488409186919
HAL.AS,0.2358218603704408,0.3819939275517491,0.3522242915941716,0.305833134371327,0.3403060304551137,0.17873650936911498,0.21973252765170428,0.10453984372319486,-0.030331700187545087,1.0,0.17932654752757138,0.20060674245602633,0.045673621842077496,0.043974847085465556,0.05430625903041044,0.08944195169821872,0.3984436479936322,0.10238478493828843,0.2258373665659626,0.15755286496729373,0.2528511073074363,0.12552361075745427,0.19190566071813275,0.3505127287134197,0.19046956938631604,0.3710096447537947,0.14741550830779407,0.24333203442809717,0.26725100690527104,0.36096153784092905,0.3673099342774647,0.27223660719116993,0.36014997282475475,0.11954168769582549,0.21531787355177995,0.21162378568753196,0.09755901898809691,0.1903118177051495,0.25221510214379367,0.10041301014473854,0.26099436600534903,0.17584236487463778,0.29195757110231707,0.3540209619545465,0.4443428600186381,0.34592163677142473,0.408020697016135,0.38275284879139204,0.12697753798206587,0.13231824363339525,0.27922249872650234,0.25941519345855646,0.450808918933921,0.4025059117015679,0.2457463294378381,0.3442889295751241,0.44143980247220466,0.4816024240778486,0.4062353314412009,0.22582243772422822,0.06748754162263143,0.4424562347455254,0.17157519390002252,0.19747505321783068,0.17347976661824033,0.21307847120445436,0.20518374967365977,0.12607857752905463,0.10642723098780536,0.18213713038025675,0.13989800688109616,0.10650896466710591
NVDA,0.5793345410502252,0.3370882446951861,0.459039977132358,0.4229186592914175,0.44011746414269365,0.34832856924276157,0.27799111563869133,0.11427428869976912,-0.00123110367968281,0.17932654752757138,1.0,0.12163300349723931,0.3815164171552292,0.10199183007366482,0.12570385934462305,0.2116022116280284,0.26551950849105893,0.32715544933885005,0.5816349940335014,0.4658669323602607,0.6727042212660524,0.5735907375972609,0.5213791183568773,0.30478490174586537,0.09828799536548569,0.4429911690684101,0.1824134976023166,0.2540500785766792,0.44346411991346324,0.45206730208185897,0.28751294024081614,0.14662979246875876,0.22675235268787952,0.2461436180558017,0.11876717636558443,0.6670850144584951,0.46337094900387554,0.5261309120889307,0.14392030318598192,0.22660685815194792,0.17025597204890933,0.2365459763645721,0.4852897588959092,0.31316729023280665,0.28714427019729405,0.2948777217393335,0.2478119925564525,0.2420787048446579,-0.02167834533597508,0.11385147611696299,0.6931657886221085,0.30506372025101025,0.18721001277569857,0.1532968222765047,0.06972612435793844,0.21260514422228002,0.14509226252180443,0.18303877844643987,0.1119952978476988,0.15808068229024733,-0.02205622123202113,0.34112596328702105,0.2992263808202141,0.3089886964758383,0.32294716226430764,0.343964503522645,0.3155922706992873,0.2671869961908389,0.2510048408437371,0.3315755641790139,0.2861102018413786,0.18961640211635103
EXO.AS,0.08147450769582638,0.11578085141961098,0.2689684385267612,0.22895288280083437,0.1907636671923136,0.050951218647790286,0.04770232166125055,0.07790897230677424,0.04991436372754975,0.20060674245602633,0.12163300349723931,1.0,0.11935686573724939,0.04577912526025339,0.14949114166242516,0.06704137129227987,0.2838521517875334,0.02274526359569718,0.10702849617355696,0.1405268334174478,0.07744224651657435,0.13220633007791957,0.10340449883496924,0.1030961173334465,0.007715136413651373,0.07144794269654,-0.011819573377501204,-0.030953295154504075,0.130247574852784,0.09268460181791464,0.1355169654633485,0.08009326337490774,0.08797325326354481,-0.0014537456856037736,-0.02211859058103938,0.09450733987520842,0.08445489892436335,0.09660453816947998,0.005370034795140143,0.03894468983929059,0.025102358252078856,-0.00014856564478866416,0.11348713653166453,0.2364128334685131,0.2865809487032175,0.29120147227768106,0.17807231058376877,0.2583511846309596,0.06104872413237114,0.04124654767898518,0.17680620274376813,0.2595520627554554,0.2599434382936412,0.2343814672558693,0.08264091305116018,0.2573681389023162,0.20222743754639885,0.2183559864851503,0.15009311186857205,0.2379724698176352,0.0254078467501512,0.3140216148832418,0.10266867401194976,0.105701735786105,0.10094151195826281,0.11157745146897535,0.07611108470771982,0.10757874024653188,0.07551069063150379,0.12089804340633545,0.07669749806937796,0.04617422388395107
PLTR,0.2887823059910187,0.13540161198127254,0.21410054975459494,0.20832984311626276,0.19299075105855637,0.32022374662343617,0.13257330865508277,0.06746854955678146,0.012677644528925275,0.045673621842077496,0.3815164171552292,0.11935686573724939,1.0,0.11401626279094627,0.09471298520520778,0.25644427718560475,0.1307591277498324,0.1869905367392634,0.28710174454695103,0.3706918842378822,0.29865046998139533,0.37663726035976114,0.30657381635957287,0.1659214169089609,-0.029671231117049283,0.18932500180861803,-0.027675580858672156,-0.00673846701813907,0.19635704986234995,0.1900671119646841,0.1751332140077029,0.07697612788479427,0.07309488386530344,0.05651925743514361,-0.08631586328016957,0.2939122355739531,0.21819280633638938,0.31871428495098936,-0.022179515624291147,0.10683666636143074,-0.01715940156566187,-0.01987363428162134,0.22572386871920685,0.13067006003127674,0.13821009682437357,0.13525644929665073,0.07333115755459287,0.09248808917130286,-0.03598735185903698,-0.007227045562962495,0.31712497646408533,0.22101677678835455,0.048277947974063894,0.05476205317244418,0.013305910771058263,0.09637607840377971,0.03935793204720059,0.028524588674338824,0.025925048694993787,0.08629905168428456,-0.0754609307548936,0.1691526385135091,0.2476389667485772,0.23864025593652874,0.2383375751039145,0.26592056297088257,0.20961095478117087,0.2986590233982214,0.26223979268191316,0.34829237193480095,0.23161917240471033,0.18749933148117115
BTC,0.11334050601935693,0.0974731612984817,0.04518187935527048,0.04386166521563166,0.03812794211616339,0.1970344265055371,-0.00027662345416417386,0.06460780289962603,-0.04991237485707994,0.043974847085465556,0.10199183007366482,0.04577912526025339,0.11401626279094627,1.0,0.7646207229260941,0.005710420653575709,0.02135711046980969,0.06415245060871393,0.03717887394608508,0.1575131228977518,0.06596721374973824,0.07774955998147712,0.05460678197641121,0.10458737170402238,0.0024040548982759325,0.06448823150846196,-0.03510137867046903,0.012231254876765458,0.05954358667573385,0.06033208856063881,0.09857327735275828,0.014549230843628892,0.02726150684229317,0.02016044301362841,-0.018000556699108376,0.13300364939771228,0.05950694968895486,0.09037404225841275,-0.06089736137745629,0.02273272737988267,-0.017885457742570172,-0.014227387747502257,0.0410638473053914,0.05098063001734541,0.051490131084305446,0.03596670540631799,0.02709234119756103,0.04152884924614995,-0.006527841949041121,0.03481101307700403,0.05896208888930379,0.04137477568407815,0.011749233370347304,0.00590591413692363,-0.004223803113412255,0.017203971154249022,0.019691785992411445,0.023176791536944682,0.006799639645461486,-0.036727797588876725,0.03464402682713095,0.09090717405485965,0.0389310125310462,0.019801812100162044,0.053178119261047416,0.042041605004319006,0.02677702452256435,0.01950933393478627,0.030074461181064487,0.0426489795101858,0.004258239161666361,0.010889473903180015
ETH,0.13400755616848964,0.09277105362846869,0.07999271355950356,0.08392043093144655,0.0822953546631354,0.18108739151234593,0.0027196389269801306,0.06527391353597967,-0.088819063608021,0.05430625903041044,0.12570385934462305,0.14949114166242516,0.09471298520520778,0.7646207229260941,1.0,0.025059011458726913,0.03556805626825664,0.07539413930203433,0.08151704110551619,0.15780403237217944,0.08881667674561923,0.1020147322213331,0.06583303122272548,0.08609298268492827,-0.018415410169870097,0.06801760329544837,-0.04704785324635243,0.03369333005877306,0.07264987408688545,0.05887779471270303,0.08637942318722308,0.01151950973773206,0.026211065123153708,0.033221061156259994,-0.013639781418384478,0.17458091995446237,0.06763175720052131,0.0966110371617667,-0.062157521049055094,0.005813252420820438,-0.01890247007736902,-0.011057867078529631,0.03607204243581514,0.0726279541447896,0.07767296893914213,0.05022277774946607,0.03220428561356226,0.04356114655347469,-0.040778349798696004,0.04452637469604333,0.0884466207469049,0.06650086794231527,0.03778885902764841,0.0354346952512926,-0.00514004153414548,0.03561959469095806,0.023993987418471856,0.023384123184174873,0.012484277408512656,-0.006136984739173933,-0.008857859136282628,0.12294806259230301,0.0465157418898304,0.03135167563695455,0.056806858289588695,0.05450147276404589,0.014749357734664077,0.016080334561879468,0.03365471529058978,0.043990465500401484,0.02067588375076639,0.028239740525281956
SOL,0.17122955319760086,0.11571503471123691,0.178962620191541,0.19300850595404714,0.20560204572833557,0.2716380175113299,0.17640403029827714,0.1093855628591882,0.025114228921067797,0.08944195169821872,0.2116022116280284,0.06704137129227987,0.25644427718560475,0.005710420653575709,0.025059011458726913,1.0,0.14075658302196653,0.19166944893422996,0.20678676604027382,0.29082794457286887,0.18972724959206724,0.21490416652424438,0.1696587713634269,0.1075073461060127,0.06268434445236118,0.12628437758291802,0.009579822053354831,0.057643613921812054,0.17992035193323366,0.1476147939025869,0.13991915532242363,0.10014917230864614,0.13129903939201343,0.04441159426489044,0.02787003533118949,0.21383588833165265,0.12892281794377547,0.19452263880208812,0.008702064230736831,0.07295490383874875,0.03837873367079321,0.0279522008277198,0.18274787519919314,0.13070316869139087,0.16640033807056043,0.12094967985357248,0.08399099649147332,0.08938647921578549,0.013652808495945655,0.02943250248223852,0.26974443644376633,0.1617668588367928,0.08906016218204722,0.09853473349045713,0.020177411788748528,0.09627417778857435,0.09049661378170738,0.06041499056850635,0.08677666434121356,0.12292153288835832,-0.04319570842629983,0.17951424612531328,0.2500886756223952,0.24436705489322652,0.2496365618888599,0.3162175788084163,0.22491630049897957,0.2923803420549063,0.2722642327594099,0.3478515165390001,0.2322600523420218,0.2073248572574728
MC.PA,0.28723294630172563,0.38375488879906255,0.5210177194233279,0.4426331799919799,0.4497654787301296,0.21087701458405964,0.23301389778652307,0.09365033328210247,-0.040314571470061504,0.3984436479936322,0.26551950849105893,0.2838521517875334,0.1307591277498324,0.02135711046980969,0.03556805626825664,0.14075658302196653,1.0,0.17382714458354712,0.2854482752551775,0.22210870995288381,0.31135954478403927,0.24050254839025634,0.2506466401082115,0.37611671327053636,0.1891939111792356,0.40543368688377185,0.1805386602036399,0.20347273830103238,0.32302315296563283,0.4182857949137481,0.3686772414892772,0.2400460758706225,0.2993606754330215,0.1013912540250901,0.1471615290050177,0.28722195078556895,0.20837145985340777,0.2774002276884195,0.16773607387865608,0.09911767720627046,0.2947222418260428,0.2237750617592917,0.35814416505672175,0.4787732163696649,0.5852839832068893,0.7967557750534217,0.49524814496648645,0.5441570250699885,0.16333783272356248,0.13745961004226456,0.43643840768602815,0.405340069249547,0.5231475948903067,0.45892851065769574,0.22792070719613483,0.670844464241842,0.48522356283077794,0.4976908020035251,0.4691846121750846,0.3012010173249725,0.14045297800726617,0.591890557052169,0.2994490247904078,0.31951431463387825,0.30057148909787296,0.31586866410023673,0.25821301566488736,0.21687029141183853,0.18544948125976352,0.2821284636738481,0.2331636880254232,0.19826248169205524
TNDM,0.3142616344750175,0.1772320079356778,0.19244716873603485,0.20246470872329556,0.22557007737442855,0.22210732821327306,0.14895807032320932,0.10974462885284648,0.045468175799695254,0.10238478493828843,0.32715544933885005,0.02274526359569718,0.1869905367392634,0.06415245060871393,0.07539413930203433,0.19166944893422996,0.17382714458354712,1.0,0.32383407307592416,0.2517218464654449,0.3224875290692888,0.29196068605007963,0.3024863575109928,0.14599698168270347,0.12605740813923516,0.251940613674067,0.1435182729326147,0.183943370460911,0.3260334072524144,0.2657116961974677,0.16583678333211216,0.06753309886202234,0.0966711115846098,0.12276506129036738,0.10137506932148517,0.29440935407440916,0.26965728858680643,0.32816320208323335,0.14107641727896653,0.11608008517007984,0.14274233492000335,0.18098030009626256,0.3220577928559894,0.15940792963536715,0.14640141575004856,0.18730696130383379,0.06209310023804743,0.0995884552853998,-0.20951544382339607,0.054299327293231475,0.3161733381138422,0.19655202525590632,0.12597036725399358,0.07270292833689254,0.02645304105142457,0.15167918563433025,0.05055181051939946,0.04992402950337251,0.06474519384542488,0.15168957209256453,-0.023758585591016186,0.16592175662643133,0.21383331686768653,0.22963412031689487,0.22455362118675282,0.22940910491315883,0.19580435076490801,0.18194689494430463,0.13629835766893575,0.20192300237957142,0.19254053346175798,0.15689692136565325
AAPL,0.6305086946915143,0.5055810505255148,0.3361090020291833,0.3397532729659215,0.3456136854405602,0.27742022298063895,0.26786884216000295,0.08694503752582218,-0.018975574254345394,0.2258373665659626,0.5816349940335014,0.10702849617355696,0.28710174454695103,0.03717887394608508,0.08151704110551619,0.20678676604027382,0.2854482752551775,0.32383407307592416,1.0,0.48136164268411225,0.7278495619645842,0.5889936213501475,0.5507083283612543,0.37536066109404187,0.33592380932531707,0.5534197438245223,0.387464998402954,0.38129058586218023,0.5305103983079822,0.564631423670938,0.3818164325327929,0.24109114648858762,0.30081102365965945,0.28749098933112754,0.2622100640391524,0.5262476224265579,0.5375600269870443,0.5198367124137991,0.27153248722618145,0.34021911438517066,0.41031900475318683,0.45843663273277147,0.564563155103001,0.31034219209161407,0.2823189484478211,0.274908984942977,0.2570636871200019,0.27923160595423435,0.04020749297785688,0.057007830021803825,0.5508403074042532,0.293552786821381,0.2264151348503075,0.1809577906034847,0.13435633842827843,0.27847872671560026,0.18223329742424724,0.21227664134713814,0.16970141160416927,0.18986417735068323,0.04474645672465164,0.3030135053247172,0.3033874561413224,0.3076826059357859,0.31390591359407044,0.3349111318510417,0.3070375753971825,0.22978812347244615,0.19839124432546523,0.3232482120124871,0.262959508248545,0.17860944523440472
TSLA,0.40134292864429477,0.26220383949907444,0.28051654579239155,0.27508687803180437,0.32715832410996964,0.35501906675099076,0.20761328506845278,0.10523128361990448,-0.007970158034892802,0.15755286496729373,0.4658669323602607,0.1405268334174478,0.3706918842378822,0.1575131228977518,0.15780403237217944,0.29082794457286887,0.22210870995288381,0.2517218464654449,0.48136164268411225,1.0,0.43219608437689605,0.4334373913397374,0.332460057871877,0.2601883453060905,0.05468686547107362,0.33734295139082066,0.06209215125093987,0.18753661297421123,0.3182185545080433,0.3334549984715818,0.26542798777024734,0.1380400030433602,0.202179383392269,0.05528004238120717,0.06054517511138465,0.4525292915012127,0.32335943010465606,0.40684121021818637,0.09143854014830205,0.14830812468164764,0.12136772941325064,0.14897715962037128,0.3172839146067584,0.19313646129721354,0.2099306713742048,0.21951786309238155,0.1775918094709467,0.1752456387101201,0.026957803032040702,0.058687304782996434,0.43018906732754647,0.2125989847897558,0.1962392459803523,0.13622194154682335,0.08152910548043589,0.150829269983209,0.17805043256643033,0.1683845078089888,0.1557933508551751,0.1715050674565346,-0.014703415453521032,0.23976465971599648,0.2751955974962836,0.2737142731662171,0.2771175607254222,0.3356328332840136,0.28996529764392015,0.31002668256870614,0.2750345044180849,0.45822113564272143,0.26661364768801,0.1837688772504865
MSFT,0.7296062077448325,0.49614737442015866,0.38196105171672706,0.4038488627866701,0.3962114751966435,0.31604756014611923,0.2540698537914039,0.0603729171994863,-0.02140049907868871,0.2528511073074363,0.6727042212660524,0.07744224651657435,0.29865046998139533,0.06596721374973824,0.08881667674561923,0.18972724959206724,0.31135954478403927,0.3224875290692888,0.7278495619645842,0.43219608437689605,1.0,0.6776198288300429,0.6109856051884727,0.39288111510888846,0.3336941519682748,0.5763773549107372,0.41097585655219615,0.4023707219825729,0.5529789041179953,0.5874440559754134,0.39027794424630086,0.19843040153447739,0.299784796752649,0.3409414649582415,0.2849497879917858,0.5885140492658991,0.5552351764126336,0.6241992640152669,0.29571904201895444,0.3553487574259871,0.3895432868357708,0.4630316373972016,0.6310550835814159,0.37253256741515606,0.2876862124959714,0.2964945046518351,0.2935438533991667,0.31935239731619375,0.0423008586010943,0.12870902115203486,0.6183315125614998,0.3160923945097885,0.2009529217465757,0.17242308498095155,0.12561028567379676,0.2744595912886718,0.16542587198101438,0.20557684318579633,0.1778133413355417,0.15742886805585957,0.012500814470564897,0.32887906623611574,0.2753803799962914,0.30205549142347254,0.28576012929326694,0.3165808109948465,0.3093062812483574,0.21250944907609706,0.18578815620129618,0.28224020396856586,0.2527453867900969,0.14520177392530478
AMZN,0.6469654956059785,0.330929295571416,0.341027864658271,0.3365118566412187,0.33125113671609857,0.29835087279539296,0.17447983762400626,0.0883502470350407,-0.007285745705994709,0.12552361075745427,0.5735907375972609,0.13220633007791957,0.37663726035976114,0.07774955998147712,0.1020147322213331,0.21490416652424438,0.24050254839025634,0.29196068605007963,0.5889936213501475,0.4334373913397374,0.6776198288300429,1.0,0.6114378516969968,0.25324891336171784,0.1491801811397442,0.39630819590825705,0.20504466604242913,0.20082933045439083,0.41956681633682064,0.4126825278765065,0.26675007013004953,0.10804308459015491,0.1441403356375712,0.22075760573274367,0.12001638561861937,0.47850002547190235,0.4927813005563745,0.5540144978329546,0.13286179705813375,0.2954107785324858,0.18824317698615414,0.2549319913459378,0.4781790988450935,0.3083202847179617,0.21235994807464856,0.28631064359354613,0.13965904973762341,0.19809231051742246,0.0006695037282860315,0.06133540388243473,0.5317213306111513,0.31675019568973417,0.11237692932686488,0.09468738546164568,0.045087037066525885,0.22182404492825009,0.07826280256900991,0.08420424420318987,0.09962358705744181,0.18566295491532073,0.000937279968218943,0.24921210272955566,0.2949290022416457,0.28414773877547717,0.29879570242531067,0.3196345003334802,0.2790069148075255,0.2629400376892514,0.2307229070848941,0.3330021067626211,0.2670973882253637,0.12841523531790125
META,0.6300503915007721,0.3527895134895611,0.33400600752178106,0.3211323965172179,0.34828472210628253,0.2791040210865346,0.20086628617688437,0.021797891458741663,-0.06536384287322151,0.19190566071813275,0.5213791183568773,0.10340449883496924,0.30657381635957287,0.05460678197641121,0.06583303122272548,0.1696587713634269,0.2506466401082115,0.3024863575109928,0.5507083283612543,0.332460057871877,0.6109856051884727,0.6114378516969968,1.0,0.290329377471114,0.17142674221142082,0.42282868167828863,0.2185138699259071,0.19602422526284993,0.41487590630570675,0.43505540052592107,0.2990921459368727,0.1292590268006908,0.18960237836446686,0.23934640400339208,0.16297065060669053,0.44701259159498713,0.40630404370737305,0.5033786386752781,0.14731888643147825,0.21685763880246012,0.20722160349567564,0.2527457997478041,0.46747783265937415,0.3108445792369978,0.23950404015215607,0.26365321711380063,0.20749142502017534,0.24598443148694962,0.03185784190551426,0.10924583011295882,0.49623413363783253,0.3380455002938924,0.18650923651644732,0.16158482920537842,0.07225655038343448,0.22382318198479703,0.1301384901141216,0.1528639846562788,0.14866244798405231,0.18424836318580406,0.03161478983386546,0.27527631365609856,0.3098041793635746,0.2840489510480192,0.2778321371633687,0.3183206100794032,0.2964095332932082,0.2512154860421099,0.2206159180867275,0.2861746436614941,0.2654474924247413,0.14392300887311146
JPM,0.37737396681849084,0.7681769411010171,0.2269835217047151,0.24513812995273052,0.22103802332911657,0.2543995004975038,0.3944726613517334,0.15825551559105797,-0.10142124479741121,0.3505127287134197,0.30478490174586537,0.1030961173334465,0.1659214169089609,0.10458737170402238,0.08609298268492827,0.1075073461060127,0.37611671327053636,0.14599698168270347,0.37536066109404187,0.2601883453060905,0.39288111510888846,0.25324891336171784,0.290329377471114,1.0,0.3826645835880297,0.6022157148348026,0.33443528397829375,0.4323131826132457,0.47784393891028126,0.5947765691702108,0.8841514826180484,0.5379005307315332,0.6075904085362582,0.19924305684868365,0.31453283722965236,0.38454922249841217,0.2811237325974654,0.31896746488804834,0.3483838783731693,0.23560304925057698,0.5003100962625295,0.3885594536050858,0.5044498472232837,0.27523173272550355,0.407695378196689,0.27263359020553446,0.41437910106648945,0.3060742396003895,0.10501662821853815,0.007579626766511856,0.35775761369494485,0.14779236191023837,0.39628073555157,0.5100059543054533,0.3281162085615341,0.24411293234190104,0.5726340840774535,0.47667011985603536,0.4142762808264403,0.16094354275415212,0.0435725655763855,0.3691274290411565,0.20203169717049485,0.19960855996094112,0.18342158510947348,0.2314538847148684,0.16911818778317197,0.11814469968017358,0.09675237882147172,0.22687354808076457,0.12294118500941006,0.11967284963271758
JNJ,0.25849428430897736,0.5398840355893707,0.04752845710855501,0.06726568894759304,0.04313691045937791,0.06840199632031688,0.2048459430590606,-0.0095897584779366,-0.0037529792386173364,0.19046956938631604,0.09828799536548569,0.007715136413651373,-0.029671231117049283,0.0024040548982759325,-0.018415410169870097,0.06268434445236118,0.1891939111792356,0.12605740813923516,0.33592380932531707,0.05468686547107362,0.3336941519682748,0.1491801811397442,0.17142674221142082,0.3826645835880297,1.0,0.42856124562275727,0.6023983086282982,0.47817069296832887,0.3880714424911618,0.4086392165222388,0.3835956477373322,0.28444311029467284,0.3492814729376884,0.40491295167883795,0.5246850695679546,0.13025430367162336,0.34567543954709923,0.19267780998102849,0.5129690051293935,0.3712621909254737,0.5776727374553988,0.5885393221839168,0.41114760414976964,0.17456077364549877,0.15330153997399676,0.10661525843202313,0.2779863074670076,0.26171742224729005,0.086937596353744,0.10561157571368791,0.15106290749302534,0.055290503562179585,0.18243342146016106,0.177608694850436,0.2379049315030684,0.21737304165078628,0.18200929958060783,0.21598565891756938,0.17948459139355452,0.1459469990985782,0.11583225591620455,0.15071193022232765,0.09681000347834753,0.08464925448322988,0.08725555130147583,0.07656367878133634,0.06942821633815696,0.015974164001051186,-0.008814545118257622,0.05361468821774124,0.02143656249240866,-0.019006188296507572
V,0.5181546886321781,0.6665648785773649,0.30681476288019377,0.29993451333036597,0.31419356066148735,0.28008386474614244,0.33143073823891644,0.1367395119593754,-0.05417228543281348,0.3710096447537947,0.4429911690684101,0.07144794269654,0.18932500180861803,0.06448823150846196,0.06801760329544837,0.12628437758291802,0.40543368688377185,0.251940613674067,0.5534197438245223,0.33734295139082066,0.5763773549107372,0.39630819590825705,0.42282868167828863,0.6022157148348026,0.42856124562275727,1.0,0.4276203140132826,0.4649692740586448,0.5361934145549299,0.9052541253947827,0.5842498929342536,0.42398214170642345,0.4917063434086679,0.2735868159597982,0.34512812895541584,0.45920894389871714,0.4209167285863392,0.4753865772605404,0.39727069856041736,0.2780360988993451,0.5442512984189176,0.48000235187390944,0.6269290151531953,0.3511472675169226,0.3796466366281452,0.33454780529188827,0.4373159595923631,0.35568210789641785,0.12806687670237918,0.09604407259758467,0.46967463007401805,0.2561481675347499,0.34589426429299935,0.35907261336132346,0.24635100462169654,0.3321212140173845,0.3965751528342374,0.38851842224890953,0.34505907809555086,0.2211362932777719,0.06424118172135586,0.3780451793701442,0.27659561123289905,0.2758759427360429,0.2535175156890238,0.29034335492350516,0.23585979688719774,0.16454101925717482,0.13743537245378837,0.2287180432812814,0.2045176966743758,0.16362473738482464
PG,0.29033944099514575,0.4838080918676076,0.043956086776729256,0.09927049075880798,0.05059749874579692,0.05339712286022291,0.1691001249097814,-0.04190778211504019,-0.022559399955762133,0.14741550830779407,0.1824134976023166,-0.011819573377501204,-0.027675580858672156,-0.03510137867046903,-0.04704785324635243,0.009579822053354831,0.1805386602036399,0.1435182729326147,0.387464998402954,0.06209215125093987,0.41097585655219615,0.20504466604242913,0.2185138699259071,0.33443528397829375,0.6023983086282982,0.4276203140132826,1.0,0.4376400890778865,0.4406281315917064,0.416377493427134,0.34783335551149,0.18698524316556697,0.2063936862328611,0.3691655744542209,0.44006899112192416,0.203659222635837,0.4754918209265544,0.2367981530711246,0.4052455041906084,0.4834044686358351,0.6367306486646754,0.7227727724606714,0.43438118626061795,0.19027826492935304,0.10666083532203186,0.1394652526327739,0.242784533591921,0.2655534515606077,0.07894581652595525,0.1070681518949792,0.20117464099482502,0.09357317517439444,0.14940464018799912,0.14309600533614195,0.19144874425806363,0.27110384628842915,0.10975497912310875,0.15221305581841119,0.1487896455412443,0.13106921904168492,0.21235559139313723,0.17603969047818244,0.11390026919220977,0.11154455191357777,0.09822762262856503,0.0745938822507852,0.09766892701441565,0.042061439240755824,0.008612838896658398,0.03981554741116525,0.047906040573589256,0.013574411240600593
UNH,0.3239839066195065,0.516272600751845,0.12882394851833226,0.1441402661082261,0.16759054352744668,0.11654471888374872,0.23970296501203667,0.09109557684493669,-0.05302854278629124,0.24333203442809717,0.2540500785766792,-0.030953295154504075,-0.00673846701813907,0.012231254876765458,0.03369333005877306,0.057643613921812054,0.20347273830103238,0.183943370460911,0.38129058586218023,0.18753661297421123,0.4023707219825729,0.20082933045439083,0.19602422526284993,0.4323131826132457,0.47817069296832887,0.4649692740586448,0.4376400890778865,1.0,0.4550095588447953,0.44916643550127755,0.4189772459948679,0.33392874242230725,0.42901372154595363,0.350847488396154,0.4032114668318725,0.28603802020837304,0.34203220214009994,0.27440077773706834,0.44054629239363813,0.28046006410488133,0.47108982541886935,0.5084310192835025,0.42610249691356006,0.18710015709412364,0.18835956040221188,0.1685646683166206,0.31269566306258806,0.23055962326105844,0.09077729115803092,0.08054541457925142,0.2710613443072571,0.10563721487505047,0.1912626208437503,0.20974289106332844,0.20781731310340065,0.19357417674824326,0.23784183864774092,0.2690113424096483,0.21851091142011858,0.09504369393439005,0.07539608421559701,0.21278007015041414,0.10118448901245095,0.10227736665670202,0.11565935273567285,0.1232194919948643,0.13599050235394008,0.05864556964148407,0.020451915834664165,0.09218192180268768,0.05602808032764578,0.05309493751542043
