,GOOGL,BRK-B,ASML.AS,BESI.AS,ASM.AS,HUT,DAC,AMR,FLOW.AS,HAL.AS,NVDA,EXO.AS,PLTR,BTC,ETH,SOL,MC.PA,TNDM,AAPL,TSLA,MSFT,AMZN,META,JPM,JNJ,V,PG,UNH,HD,MA,BAC,XOM,CVX,LLY,MRK,AVGO,COST,CRM,ABBV,WMT,KO,PEP,ACN,SAP.DE,SIE.DE,RMS.PA,LIN.DE,AI.PA,DGE.L,NOVO-B.CO,ASML,ADYEN.AS,BMW.DE,SAN.MC,TEF.MC,OR.PA,BNP.PA,CS.PA,ABI.BR,PHIA.AS,UNA.AS,SU.PA,BABA,TCEHY,JD,BIDU,NTES,XPEV,LI,NIO,PDD,TAL,CASH,TBILLS
GOOGL,1.0,0.46459361633327123,0.3469990094047098,0.3393947235120633,0.3655628745198359,0.32784490572127556,0.24541734528798503,0.07926061428964581,-0.012126608162447733,0.23641726185734993,0.5799625977378613,0.0764428786713865,0.2899974789941109,0.11431096646471939,0.13350115234535667,0.17216656388946153,0.28607353404840485,0.3137860370983596,0.6313011677788102,0.4024572776213982,0.7301049048288865,0.6470069523256099,0.63036411473512,0.3786961690977105,0.259370209990485,0.518718208426461,0.29149751496280424,0.32445275430839476,0.4545444383977364,0.5284054473446437,0.3803676996726166,0.22599447667273076,0.3086640659866319,0.25271392894799655,0.2129731533320927,0.5123660128162326,0.4598784962383742,0.5290995626304069,0.2508166647742117,0.27852205432362587,0.3264572681171146,0.33893231125853446,0.5625559066375823,0.316467521582111,0.2765916208422104,0.27782226813309796,0.2592056429446322,0.2684841450761831,0.0349807435453864,0.08240612499564656,0.5454111085257949,0.2972970987303492,0.22520804442955739,0.19673599704970315,0.15255157072329847,0.23922618283431418,0.2002740529689547,0.2050453233217288,0.18322472379422317,0.15921358505382785,0.024383994659299812,0.31411632719912,0.2993537483118821,0.29525467626268564,0.3026250028853167,0.35337517777646066,0.29458920919202936,0.2543985616376188,0.20290361663128373,0.30782280059328854,0.2698693433685463,0.13288167948004104,,
BRK-B,0.46459361633327123,1.0,0.25564447651660244,0.2641566441045056,0.25408375709577696,0.2329486753862739,0.39633420557435145,0.17064814653831667,-0.046840314599791655,0.38024817271993944,0.3392299493107646,0.11204075403186449,0.13760723276640985,0.09855984483610505,0.09211045038124221,0.11690136161169379,0.38544473124428874,0.1767290084613216,0.5069378716803205,0.2639573775376139,0.4972995037242679,0.33184336188122543,0.3540419560828644,0.7685612536267448,0.5404387741606191,0.6667359152621587,0.4848052277859988,0.5165074665673718,0.5654775094897656,0.6599729823674018,0.7472736759303746,0.5604981787259389,0.6206416773750113,0.3040661866079761,0.40325214632519546,0.3961106261880828,0.4085946692727116,0.3755309135879358,0.4343516262467414,0.36214603658673145,0.6168523353969153,0.5453350153726947,0.5920076649364957,0.31740109589259413,0.4114436816937317,0.3017965244315088,0.4526299114194008,0.4028095154192992,0.14395874793438165,0.05280001955652199,0.4093423566883824,0.18709902752642749,0.37314889863054634,0.4521917618880627,0.3373294899054062,0.3024395998442334,0.46448738752249985,0.4814360688114218,0.42566641806073247,0.22391898422748593,0.08575701410453619,0.3895754961034334,0.19283324816392097,0.18371714119037003,0.18976879554179296,0.23147835275915826,0.1948424875414761,0.09726334850006148,0.0638732446759739,0.19902216865996616,0.10189732621045858,0.0781655789144238,,
ASML.AS,0.3469990094047098,0.25564447651660244,1.0,0.7276871017590688,0.8164905093669835,0.26351785520421345,0.18553632287532537,0.12124737376887662,-0.019761990156016707,0.3540139737462184,0.45819623897843303,0.26446567576488356,0.21448427811192114,0.04475857352813919,0.08155817762748213,0.17824858684849318,0.5231905611114416,0.19045172212864675,0.336115821114644,0.2786604085971846,0.3822802333554438,0.33623869630694453,0.3333013327396615,0.22745279366999255,0.047926547639430904,0.3056011946760358,0.04468195961497157,0.12744042046049847,0.2682302920755943,0.32061637789666997,0.21863775034290564,0.1540316005382126,0.23350981896176287,0.11499362663595616,0.053987718214841315,0.45140549375882694,0.2536975004549091,0.32524955790560695,0.07194701478349873,0.07756446795121667,0.13658356709322803,0.08212268584393485,0.36490189843422066,0.5322692971757339,0.5480442308955283,0.5433279068350354,0.46166729740499474,0.4490009993857969,0.08751037117497769,0.21274586029740747,0.7777411365429375,0.4285194949567828,0.37481294856746655,0.31697350841618904,0.10022546859835997,0.45103463388634596,0.3138715267030543,0.35672053530066844,0.2999243782613577,0.2519159578908089,-0.020577333805647618,0.6077006684409343,0.23243262724042288,0.25615323269521817,0.22574772208368532,0.27529519252313117,0.237727218765398,0.16328039669240463,0.16990970644207748,0.24676445267259442,0.22410378852334992,0.12468071791734461,,
BESI.AS,0.3393947235120633,0.2641566441045056,0.7276871017590688,1.0,0.732168712421702,0.23396860702453418,0.18898300654419808,0.09404744829344598,-0.008149381217431384,0.3043575598664499,0.4253687940637056,0.2208779348829658,0.21191700864102844,0.04741817645266963,0.08493020511630085,0.19337407886720767,0.44607119811771834,0.20404005101804004,0.3407091772483925,0.2752871675711274,0.4064262788977152,0.33595469792854354,0.32509994208380516,0.24808115910672907,0.06642856976793038,0.3005903211009103,0.10083330285323786,0.14335881345871565,0.2762022212082639,0.3082770610115841,0.2560234832430599,0.12965735589843655,0.20497485555501005,0.11450996266910442,0.05605376427914353,0.42063382332656946,0.26211214213898426,0.32565569977884035,0.09876732845914712,0.10175307012224749,0.14798018651586198,0.1393590514062467,0.35859953223808205,0.4691079434303665,0.44364318487708027,0.4470217912676101,0.36352822172594185,0.3930560779398714,0.041177533688586884,0.14702710110627365,0.603692346684619,0.3804618451297387,0.34334107642153083,0.26782351577533403,0.0994382635319774,0.37300950887641626,0.2789620510926969,0.31223486510541004,0.24776389489139972,0.2461765762858868,-0.06368709038267362,0.5389339826561267,0.20858838066926105,0.24149699336550606,0.19943550847181096,0.25316198068545714,0.20861259727126039,0.16449363494389815,0.16099554555319054,0.2240780191268748,0.21108628783840028,0.13253841771682887,,
ASM.AS,0.3655628745198359,0.25408375709577696,0.8164905093669835,0.732168712421702,1.0,0.2712291873174457,0.18641199728997676,0.09343010207752073,-0.0467686917691468,0.3413953706389416,0.4441294708975085,0.18598504830761745,0.1978348621110595,0.04109872677460753,0.08291928131285264,0.205422831508872,0.4545856970679409,0.22432391885370337,0.34815702505718354,0.33070794454641017,0.3992151401136946,0.3305116457889838,0.3513096711985153,0.22358604067894686,0.043676095822683676,0.31649169241906155,0.05206806227041917,0.16741668464526446,0.2969678796112703,0.3154939592270368,0.21427196979997246,0.14341943241582006,0.2175164708820532,0.11146048643151897,0.08682130898967819,0.4672021296644636,0.2732841133371163,0.31598127066063014,0.1053334207045278,0.11694040085636917,0.13224147156862892,0.11348274249737066,0.364158274090709,0.4766650851403359,0.4692431047204113,0.48766552639619126,0.40156185939959604,0.4011925804346454,0.04530969895235764,0.21820065987406856,0.6640378452003294,0.39764248611262837,0.3175213376321583,0.27889996952504315,0.07042673229490806,0.3590319018020101,0.2762431065998873,0.31892203038075245,0.2573443627259989,0.23164376448776225,-0.04925431391895484,0.5797088435356199,0.2035709383649412,0.23049159492321614,0.20421043518116783,0.25111292796738927,0.23241967818476178,0.16610161616105737,0.1552052884547339,0.2479741507626181,0.2090803064406081,0.10324055548655374,,
HUT,0.32784490572127556,0.2329486753862739,0.26351785520421345,0.23396860702453418,0.2712291873174457,1.0,0.18935592671436283,0.140345271790875,-0.0009221251325657821,0.18292014054298036,0.3512543917748081,0.04693096759200762,0.3232960643887149,0.19887929152935988,0.18111496647125264,0.2725606329614812,0.21385017998142003,0.22204917456326767,0.2789141888465123,0.3572411733205596,0.31766626933388775,0.3005390721319952,0.2815982280050763,0.25675605850774613,0.06918770806859327,0.28229867654111857,0.05489122284772464,0.1161787068865646,0.24817883894086287,0.2787349365914725,0.25854605989815743,0.18302044160942785,0.20529170681231315,0.06727847584927561,0.08588370338232557,0.32240190938619295,0.20476182476444785,0.2994296534458015,0.055704171768218395,0.10992156805323505,0.10808132069410838,0.06690988339859076,0.2909266445797186,0.1770246670130342,0.20140714345274205,0.2071642465641151,0.14277837209245187,0.17065603358944706,0.0380567607859637,0.08062472360849436,0.35609077691519864,0.19694128947207645,0.11250183639426696,0.1323581016980799,0.04894098277335048,0.12140212191783446,0.14391612194007805,0.13526445309931417,0.0908066387000732,0.0673099338505192,-0.04121146278260642,0.2508002054296478,0.20971187189623555,0.1777186293744483,0.19729163051978488,0.2691766587425647,0.16989883115591248,0.20433557531337873,0.18842609281365547,0.2849562180054473,0.1767671955035294,0.13058031703174824,,
DAC,0.24541734528798503,0.39633420557435145,0.18553632287532537,0.18898300654419808,0.18641199728997676,0.18935592671436283,1.0,0.1768478885037927,-0.03254177091147068,0.2209048037989832,0.28087157604004587,0.04448373041009824,0.13474280172623831,0.0010174161890499044,0.0016902302388724318,0.17765648836910183,0.23208112872754877,0.1479993276536342,0.2705538853407096,0.20973208643874242,0.2561974153377187,0.17571675334749268,0.20266264984653698,0.3961322919474572,0.20650935496728137,0.33237155483354774,0.17133015876369892,0.24149360014954274,0.361310371888681,0.32215935751354474,0.416598900951998,0.39896037313785315,0.4075884996077945,0.1616482718815613,0.18030818898858536,0.2913550722007502,0.19567010938716145,0.2193538751672961,0.19403769139252075,0.16463272128787765,0.28093691446161917,0.2509473942156582,0.32761803650535215,0.18384262569835863,0.26328503459429814,0.16313875334770914,0.1802678338694164,0.17984946427777396,0.035502970015103684,0.04278837454669945,0.3146898498643969,0.13028254563530212,0.25251732221121864,0.2749020929536945,0.18110293975239608,0.18279617634544054,0.31252667565212405,0.2878775635901508,0.1889970033519541,0.1638010163463536,-0.08673020976351552,0.2182301390620944,0.16817054904237555,0.19550421039951554,0.1875332183750074,0.2617826219070842,0.17658543444214536,0.13467391317377825,0.12937045616548826,0.2516950379128656,0.13968100688570184,0.12221244703872654,,
AMR,0.07926061428964581,0.17064814653831667,0.12124737376887662,0.09404744829344598,0.09343010207752073,0.140345271790875,0.1768478885037927,1.0,0.024199402737417722,0.10846002930518767,0.117553089219994,0.0845047714041726,0.06974025221015717,0.06558125775465742,0.06436149648709977,0.1106360329521019,0.1024133339479723,0.10913108063437836,0.08975403311293509,0.10744477493676753,0.06276019150492917,0.08978737790419848,0.024042193112129608,0.16053419249247616,-0.00770372370837884,0.13828896279148836,-0.03951289060624744,0.09295232161662835,0.07384181977531452,0.1411603039931965,0.1663979171131984,0.2854418322189054,0.2342846631426959,0.03788209007800153,0.06629227326583055,0.11050017054560794,0.07939497614243937,0.10191178070344005,0.02856603615898274,0.018754460223522045,0.030907519310183495,-0.005201205200563081,0.13814599527195962,0.03202890463220467,0.12204856843770022,0.07088409909131974,0.07032266496264543,0.06201502069450733,-0.007002509969236188,0.030488708033826504,0.15181035774041296,0.055023808871933824,0.10037746071628526,0.1613069743134276,0.05631292434143185,0.07077698390229695,0.15278336237710963,0.11832026381807965,0.043023979477687074,0.026360004636422418,-0.05311085670491035,0.09135188391945653,0.11729985922703572,0.08637853582406993,0.10251020763728125,0.13634331193755897,0.09873073276115688,0.08908963233627085,0.09033924865065426,0.1061088586617838,0.08124254668149007,0.08943564559078093,,
FLOW.AS,-0.012126608162447733,-0.046840314599791655,-0.019761990156016707,-0.008149381217431384,-0.0467686917691468,-0.0009221251325657821,-0.03254177091147068,0.024199402737417722,1.0,-0.030540835038952288,0.001959031347665693,0.04691483144463929,0.014617200845766218,-0.05466378947944722,-0.09457179872301374,0.022188192798757004,-0.041226362249451934,0.042056683273752456,-0.01617803941909104,-0.0013368271333995404,-0.021338672255458872,-0.010778966209216619,-0.06759211902638672,-0.09792636512937472,-0.004499367401952839,-0.050849381499383,-0.018569800093776033,-0.05564015799640737,-0.06153714818776572,-0.040011331543239936,-0.05187556195591476,-0.027975036427401997,-0.05465773457517024,-0.027041265408523443,-0.06044726190896523,-0.023725629398664103,-0.0009645242774849997,0.017621224908731786,-0.06483175709126479,0.017015232399543175,-0.04636263388913895,-0.0294084414674564,0.003857989713932053,-0.050302114824913605,-0.041936609443536624,-0.05389863192877095,-0.08434570380467254,-0.028816796580736395,-0.025196966595488892,-0.04603765500841556,-0.022970754165246157,0.05609357919630613,-0.03005999783974109,-0.06469628752064466,-0.010782265742955785,-0.012163102260911714,-0.05244723568893105,-0.0732004746614412,-0.10143971786899124,0.013725929381831143,-0.04099171030785748,-0.027920521517510632,0.01956851317906014,0.03133719984045068,0.02865009043034456,-0.018222853594249237,0.02134705407574498,0.02440466945816165,0.020167031660008314,0.021701231682159434,0.012720935488968256,0.03196616969425317,,
HAL.AS,0.23641726185734993,0.38024817271993944,0.3540139737462184,0.3043575598664499,0.3413953706389416,0.18292014054298036,0.2209048037989832,0.10846002930518767,-0.030540835038952288,1.0,0.18362967942196015,0.19194645051113,0.044878364732332976,0.043859522874957015,0.053171093934451616,0.0877146600645058,0.3963711005056008,0.10199730363518524,0.22788877920543446,0.1601586821061072,0.2534689730314305,0.1259408690726106,0.19123295569328286,0.3465966895096831,0.1908339885913925,0.3691698989261429,0.146487057348732,0.24597963150710545,0.26895577787212444,0.3592079846557592,0.36100302184435545,0.26800795627011403,0.3545724367323095,0.12252741169987623,0.2196544977282476,0.2110514008056017,0.09675402214431535,0.19370983312588658,0.25486119162349147,0.09977775573047354,0.2600304777026069,0.17777013448861104,0.29213941875070254,0.3531277655886297,0.4406613512485567,0.3437776971289857,0.40811874977708057,0.3827028314330231,0.1284262373199546,0.13602690672900805,0.278310866884539,0.26034957671814773,0.44356139734163097,0.3982808208799468,0.2454493115462917,0.3431385223191655,0.44430571119811196,0.4808930461491979,0.4032279521601317,0.22859668643786243,0.07238345589959609,0.4445650033410559,0.16564003333017502,0.18829393547389003,0.16661626791475895,0.20749672315243362,0.1982324504735908,0.12077205095723106,0.10420032919810646,0.1748062705393839,0.1370930320285759,0.09787412926281032,,
NVDA,0.5799625977378613,0.3392299493107646,0.45819623897843303,0.4253687940637056,0.4441294708975085,0.3512543917748081,0.28087157604004587,0.117553089219994,0.001959031347665693,0.18362967942196015,1.0,0.11575594440001978,0.38567498858352983,0.10490060403692532,0.12548956015444546,0.21305512003578994,0.27090011087607463,0.3262411160987391,0.5825718080673974,0.46851367042643904,0.673426021627477,0.5751595450832246,0.5236560982767734,0.30809130230154,0.09959121044565389,0.44528278516714176,0.18434147372295046,0.2533262405150206,0.4450932133500418,0.45363444825233656,0.28993634122547646,0.14827858752266956,0.2277893160521546,0.25092888237614025,0.11957477593791933,0.6696164140501945,0.4669322867744115,0.5269413539874642,0.14795086092510645,0.23053806965922002,0.1715675042170524,0.2370492787536623,0.48711873425751384,0.32293774692898497,0.28726997369609075,0.3017827239991713,0.2526085449805949,0.2481156878244057,-0.018997164118587314,0.12138122025259974,0.6940896327995538,0.3089640623184125,0.18490077463114954,0.1546877355648138,0.07231664932494554,0.21662907547912122,0.15323153787916846,0.18433013971666876,0.11678340068430981,0.16137791548753108,-0.0221681184683329,0.3476719176243234,0.2989654180478401,0.3083828498074637,0.3228903425112133,0.34276377849938866,0.31669372675855717,0.26696518066491176,0.2529618078230784,0.3326204700825042,0.2874983831227043,0.19011128537042682,,
EXO.AS,0.0764428786713865,0.11204075403186449,0.26446567576488356,0.2208779348829658,0.18598504830761745,0.04693096759200762,0.04448373041009824,0.0845047714041726,0.04691483144463929,0.19194645051113,0.11575594440001978,1.0,0.1109454610075342,0.04396677223310203,0.14469542678610312,0.06909480661739661,0.277279598523539,0.017775466715963972,0.1062949679740381,0.14370430546102558,0.0716599888331037,0.12399013356712241,0.09466461946376842,0.10035813976351957,0.0089391286493818,0.07130898334136963,-0.015235350201158555,-0.02238705093962741,0.12481918498090712,0.09270526631156469,0.12828951435202124,0.0816474905495593,0.08758216283973887,0.005086088254153226,-0.01649360485821023,0.09070942111808704,0.08169225589394614,0.09130134685250228,0.010106744602297674,0.033530538819653115,0.026842043698440367,-0.000316583562478099,0.11024472164149787,0.2343568742152615,0.2891632269817552,0.28517760723219004,0.18742294301884724,0.26455630437170524,0.06344551586097572,0.03104311279652525,0.1715517717150491,0.25121153726918166,0.26413717277610127,0.23276781621884537,0.08378917196865195,0.25052720167469394,0.20630265636641418,0.21985556757986682,0.1476604342040533,0.2321730839138675,0.032143144853573974,0.3071948784339087,0.08986863464089116,0.08881786329353479,0.09313503978474037,0.10217585734563811,0.06603978833336738,0.09913448575828077,0.07119569286836219,0.11498513816524088,0.0643555008955301,0.036036630722859966,,
PLTR,0.2899974789941109,0.13760723276640985,0.21448427811192114,0.21191700864102844,0.1978348621110595,0.3232960643887149,0.13474280172623831,0.06974025221015717,0.014617200845766218,0.044878364732332976,0.38567498858352983,0.1109454610075342,1.0,0.11726325376368808,0.09532847003730491,0.25739222750326235,0.13454327823732337,0.18700990338644174,0.2885247173231726,0.37377864414579504,0.30060219655655024,0.3795924971954474,0.3101630001909578,0.16962831530245268,-0.028637640935100902,0.19309436346477338,-0.025566591194511948,-0.007680094619744295,0.19877750878505485,0.19262623635258286,0.17794386327435743,0.0773534165544111,0.07362692136932071,0.061749075928932966,-0.08556368014268721,0.2996789484980374,0.22295035120987036,0.32034885806324903,-0.018242008597937457,0.11102010074706974,-0.01599116702884221,-0.01906225279468933,0.22867061034699485,0.1362455220534044,0.12987585283074754,0.14250019323857865,0.0738589490739464,0.09179904811016493,-0.03458292555108636,-0.0012189884219065224,0.3199338553269113,0.2232415994998337,0.04263995186422436,0.05603418285211875,0.014355333020629399,0.09210419010084525,0.03977542485140223,0.03105707117701218,0.03081368779310795,0.08604085320503539,-0.0804489957240037,0.17033484890166667,0.24753701233001094,0.23737210067252618,0.23813917806662674,0.2644440387273014,0.2108593985357593,0.29753233826568404,0.26416575066749437,0.34907369274990796,0.23257092166307972,0.1880576666064998,,
BTC,0.11431096646471939,0.09855984483610505,0.04475857352813919,0.04741817645266963,0.04109872677460753,0.19887929152935988,0.0010174161890499044,0.06558125775465742,-0.05466378947944722,0.043859522874957015,0.10490060403692532,0.04396677223310203,0.11726325376368808,1.0,0.7642309240023251,0.006658865630700866,0.021067880259316458,0.0645028508258786,0.03840746132005945,0.15959594487626788,0.06744430472548993,0.08003406138290539,0.057071234521903595,0.10652465132644796,0.002749957034373667,0.06667722106590157,-0.03416174375319407,0.01156369651816771,0.06102961129655283,0.06188425806423343,0.10014875921447039,0.014719769262618242,0.027503928767498933,0.022719989522185326,-0.017896570248564267,0.13629875179504192,0.062266747915536914,0.09171883699751794,-0.05898051750276088,0.024954987503616296,-0.01743420262843266,-0.01393657647207813,0.04294977858038853,0.054548580345977205,0.05005121120245803,0.037464928989635674,0.026892743560168096,0.04193075327353807,-0.006158984984365746,0.041056180707481675,0.06100340213154182,0.042727597546652264,0.010985499210677898,0.005193424461085409,-0.001755576312264782,0.017860721354025527,0.018915406068616306,0.02471060412171992,0.006610983214780711,-0.037440644361604075,0.03508506382276304,0.09102444625426748,0.03931226404515015,0.019555052845415064,0.05343984366816695,0.04173473005811537,0.027752512467008644,0.01945885031351116,0.03154163105006034,0.043672530001271345,0.005146688025107659,0.01151915598871919,,
ETH,0.13350115234535667,0.09211045038124221,0.08155817762748213,0.08493020511630085,0.08291928131285264,0.18111496647125264,0.0016902302388724318,0.06436149648709977,-0.09457179872301374,0.053171093934451616,0.12548956015444546,0.14469542678610312,0.09532847003730491,0.7642309240023251,1.0,0.024967859258105816,0.03236430149282175,0.07575374615897577,0.08085945301059567,0.15779512458541362,0.08854138567668475,0.10247555493454318,0.06618484065749457,0.08599647276160899,-0.018957769326668036,0.06837433481838187,-0.04743627641300335,0.03243625755950625,0.07255535765131632,0.0589175906932372,0.0864404205106827,0.010299395339087105,0.025311493335396094,0.03286281747961835,-0.01431761714303221,0.1744684877264066,0.06750702298877681,0.09672335460799118,-0.06255469258493367,0.005824690798743805,-0.01955090570971569,-0.011561814534374135,0.036221020939599155,0.07345642034218054,0.07678291995832352,0.049669277852610695,0.02971138192711661,0.04357599866237179,-0.04065953251871379,0.039974466864993556,0.0886612947909176,0.0658166036741656,0.0403861967951009,0.036601844732387916,-0.008752064243836902,0.03263590544078576,0.024272637500416618,0.023087768154581953,0.013304551442457886,-0.004651093791420462,-0.007783565515047076,0.12356456624482506,0.046571578366209294,0.030620603968719413,0.05651216652689628,0.05405320161891788,0.014699183821609741,0.015526477060199946,0.03388290741923437,0.04401362962554871,0.020312716275539332,0.028386203524600886,,
SOL,0.17216656388946153,0.11690136161169379,0.17824858684849318,0.19337407886720767,0.205422831508872,0.2725606329614812,0.17765648836910183,0.1106360329521019,0.022188192798757004,0.0877146600645058,0.21305512003578994,0.06909480661739661,0.25739222750326235,0.006658865630700866,0.024967859258105816,1.0,0.14135664174494184,0.1915697377903486,0.20782108076753583,0.2917860608864523,0.19076510270690586,0.21579844934899434,0.17083048268445586,0.10888075950369472,0.06333670916225045,0.12741560161522134,0.0105808005731398,0.05803687163274321,0.1808815278843817,0.14858119010245177,0.14091245272499056,0.10105134977538388,0.13202890114720736,0.04643405432759766,0.028455188971172694,0.2152027178505704,0.1306354899581238,0.19527039833576182,0.010417252243284268,0.0744830095992037,0.03918733239064906,0.028544977816650493,0.18377221396860408,0.1281354636054217,0.16590906144690687,0.12721952101442827,0.08006079759744492,0.08527007680427123,0.016388719341572554,0.030826955675776514,0.2706148848830509,0.1589837039245484,0.09407186804410704,0.10522936844094416,0.026498309383128294,0.09048676293306361,0.09306225175142185,0.0661981473592061,0.08811645520143345,0.1212945851053241,-0.04478804490601534,0.18149935818773225,0.2502353122266271,0.24456213796620907,0.24995144846518316,0.31619234511071076,0.22552800665442138,0.2925914164174937,0.27290695231721873,0.3483463842735535,0.23297021584221683,0.20757461820494777,,
MC.PA,0.28607353404840485,0.38544473124428874,0.5231905611114416,0.44607119811771834,0.4545856970679409,0.21385017998142003,0.23208112872754877,0.1024133339479723,-0.041226362249451934,0.3963711005056008,0.27090011087607463,0.277279598523539,0.13454327823732337,0.021067880259316458,0.03236430149282175,0.14135664174494184,1.0,0.17245609812000162,0.2900643730967232,0.23063315394708156,0.31494375075414677,0.2414325435835951,0.2497201471447538,0.37700749661969185,0.19178524670318806,0.40715699251821763,0.18494253764266197,0.20758887848207339,0.31933179343056234,0.41929668661245734,0.3676465064284581,0.24147037198442564,0.2984306401185833,0.10854836722590264,0.1516335567656264,0.29008129271732347,0.21181885264314865,0.28154303778938344,0.17550845706071433,0.10119878206429843,0.2993108334058053,0.23045123038161297,0.36245403609121846,0.4785701912552382,0.5819113667228502,0.798740928174105,0.5007429460386921,0.5467941670988548,0.16583334928606222,0.1465527283476201,0.4379072837108364,0.41108639117095813,0.5170648044401188,0.45770348835406244,0.22632555111024072,0.6733952069035304,0.489207207262823,0.4985863542602522,0.47087209867425417,0.29918364453174134,0.13353869131896362,0.5936820218580575,0.29489503228074654,0.312595127093286,0.29311644223348426,0.3096340948814858,0.253184493059154,0.2141752218292464,0.1852009665137835,0.2808072625363854,0.23023063443291905,0.19217348163741266,,
TNDM,0.3137860370983596,0.1767290084613216,0.19045172212864675,0.20404005101804004,0.22432391885370337,0.22204917456326767,0.1479993276536342,0.10913108063437836,0.042056683273752456,0.10199730363518524,0.3262411160987391,0.017775466715963972,0.18700990338644174,0.0645028508258786,0.07575374615897577,0.1915697377903486,0.17245609812000162,1.0,0.32309580609866667,0.2515237095295761,0.322064543831678,0.29194141470755774,0.3022775378941436,0.14587334401748064,0.1256635291761209,0.25191271235629054,0.14317270691156347,0.18295465372634276,0.32575449010216634,0.26557694676954935,0.16583346588188563,0.06671019303149794,0.09606359059939779,0.12234487799502874,0.10090220170726834,0.2936419520122269,0.26898220596161593,0.3280941499514336,0.14052261291548984,0.11596217536734414,0.14224273353877978,0.18059390530787914,0.321836270029515,0.16035781729270235,0.14091667438863023,0.18663660597140308,0.05920347690319294,0.10011869666731057,-0.20903521090553356,0.05694064599372216,0.31601354197676756,0.19624164436771804,0.12303179116522353,0.07195332291190022,0.026990769203510893,0.1508310491688365,0.05490372435270256,0.04728459573036781,0.06785593161022128,0.1518478854998972,-0.029401776466741147,0.16813799883970812,0.21385703043535137,0.2290727229891898,0.22434333179599314,0.22908574987796518,0.19572185369882866,0.18154508076236034,0.13641234945191583,0.20189792884596483,0.19223202003655762,0.15698136355210665,,
AAPL,0.6313011677788102,0.5069378716803205,0.336115821114644,0.3407091772483925,0.34815702505718354,0.2789141888465123,0.2705538853407096,0.08975403311293509,-0.01617803941909104,0.22788877920543446,0.5825718080673974,0.1062949679740381,0.2885247173231726,0.03840746132005945,0.08085945301059567,0.20782108076753583,0.2900643730967232,0.32309580609866667,1.0,0.4824071799640669,0.728424901323039,0.5891229353422983,0.5513114250815595,0.3769518088586678,0.3368730036518155,0.5539112412208123,0.3886782553292486,0.3818941040353026,0.5313768218964494,0.5652918990603042,0.3828789989569867,0.2430333626433736,0.3022265435001069,0.2901726736756279,0.263199006617984,0.5269009844655972,0.538865908149263,0.520309333309659,0.2739732479250791,0.3420546944687092,0.41135145031264014,0.4590070982095755,0.5652739404593686,0.3185688132218293,0.2833864143728211,0.2801468636224108,0.25999674430514214,0.2864044455331614,0.043308985855391606,0.058071301263585846,0.5514521613718644,0.29743666443583144,0.23181310259365398,0.18399817053419706,0.1359915995057476,0.2779280541337677,0.19071543037061994,0.2149456891498078,0.17588984465110843,0.19637117241078064,0.04564751789430039,0.30888070631220244,0.30335383586860654,0.30825978937541804,0.3143785832756751,0.33491323060161055,0.3078931980720979,0.2304656198974879,0.19944242863809522,0.3239787963797849,0.26429947088353717,0.17886082800445977,,
TSLA,0.4024572776213982,0.2639573775376139,0.2786604085971846,0.2752871675711274,0.33070794454641017,0.3572411733205596,0.20973208643874242,0.10744477493676753,-0.0013368271333995404,0.1601586821061072,0.46851367042643904,0.14370430546102558,0.37377864414579504,0.15959594487626788,0.15779512458541362,0.2917860608864523,0.23063315394708156,0.2515237095295761,0.4824071799640669,1.0,0.4336461126487704,0.4353182348262996,0.33498057501923717,0.2627785466916038,0.055647600560858726,0.3395516314804256,0.06377018294647661,0.18704276383598628,0.3199163515263041,0.33511955755855705,0.26737161589953773,0.1390032527752347,0.20288418972762717,0.05952706136151105,0.06117068835932896,0.4554579231138801,0.3265195491464641,0.40802927946484685,0.09440600932510186,0.15143937098550583,0.12236043247995883,0.1495574198093809,0.31931584916976485,0.2041264827766504,0.21029313830300994,0.2292824513877457,0.1827664773132217,0.19102841080975172,0.03094207583178593,0.06255861716711791,0.43198392011857806,0.2175636018622077,0.20280047070906884,0.14144648920153272,0.08620259952032835,0.1558732271321991,0.1856980145315397,0.17367374741962008,0.16060394655755716,0.1755850177489511,-0.011866493798722722,0.25001679635883833,0.2752735678226451,0.2733784591827016,0.27731729719125875,0.33492142265370034,0.2909789321495317,0.3098107509546931,0.27654946945360837,0.4588771188004993,0.2677181437340309,0.1842922453362714,,
MSFT,0.7301049048288865,0.4972995037242679,0.3822802333554438,0.4064262788977152,0.3992151401136946,0.31766626933388775,0.2561974153377187,0.06276019150492917,-0.021338672255458872,0.2534689730314305,0.673426021627477,0.0716599888331037,0.30060219655655024,0.06744430472548993,0.08854138567668475,0.19076510270690586,0.31494375075414677,0.322064543831678,0.728424901323039,0.4336461126487704,1.0,0.6779875375968211,0.6117748745029641,0.39449676686491797,0.33437264159348373,0.5771759969814638,0.41194142274979567,0.40228796876581235,0.553881237568205,0.5882188855233967,0.391472066874688,0.1998047466672087,0.30073008016171116,0.3432378225580598,0.2855332274897512,0.5892823908386955,0.5565759767859694,0.6246988766167049,0.29775797312763475,0.35716940807869374,0.39028780714339517,0.4633818231305618,0.6318190482788708,0.3789428366331231,0.2883445703636469,0.3002855394179614,0.29760012207555114,0.3222039548114387,0.04482234131154441,0.13228369775684143,0.6190718491465087,0.3188742737603584,0.2019255179372073,0.17299701192435388,0.12774782314335686,0.27717690975534354,0.1719624285191833,0.2077930147741501,0.1814337360339705,0.16050589853906846,0.009448094202661482,0.3348209291439398,0.27548930290753915,0.30228534035837434,0.28617251333929583,0.3164352881826704,0.31018034124075344,0.21293162181111774,0.18702866245180272,0.28311568803882464,0.25392802900257816,0.14561884054019641,,
AMZN,0.6470069523256099,0.33184336188122543,0.33623869630694453,0.33595469792854354,0.3305116457889838,0.3005390721319952,0.17571675334749268,0.08978737790419848,-0.010778966209216619,0.1259408690726106,0.5751595450832246,0.12399013356712241,0.3795924971954474,0.08003406138290539,0.10247555493454318,0.21579844934899434,0.2414325435835951,0.29194141470755774,0.5891229353422983,0.4353182348262996,0.6779875375968211,1.0,0.6127698321747312,0.25543601444676095,0.14945067670886353,0.39819061695475605,0.20585328346177023,0.1996110787903605,0.4206839399282688,0.4138997669354142,0.2684470353464123,0.1082053220906271,0.1443376225290281,0.22340527210673639,0.11999626105834219,0.48093057724131777,0.49455518194444653,0.5547500828114691,0.13486624060021768,0.2975135283657878,0.18850771518352108,0.2548850839807782,0.4794945753183276,0.3131222491023867,0.20906983008788255,0.2851366860105701,0.1432168841779695,0.2026793447605257,0.002673283674472638,0.06499904503612476,0.5330490063972784,0.3209725899237838,0.10914507311981103,0.09230616670267623,0.04785328279032993,0.21989741123293077,0.07662915925150182,0.0846547789386676,0.1023280374471178,0.1848150773682414,-0.0027047469308776767,0.24765866646622603,0.29499238631063707,0.2833890983364323,0.29874818500978056,0.3187871060734742,0.27983614823157854,0.26249798739086166,0.23222663004473326,0.333800656569279,0.2677915942814948,0.1290405197544834,,
META,0.63036411473512,0.3540419560828644,0.3333013327396615,0.32509994208380516,0.3513096711985153,0.2815982280050763,0.20266264984653698,0.024042193112129608,-0.06759211902638672,0.19123295569328286,0.5236560982767734,0.09466461946376842,0.3101630001909578,0.057071234521903595,0.06618484065749457,0.17083048268445586,0.2497201471447538,0.3022775378941436,0.5513114250815595,0.33498057501923717,0.6117748745029641,0.6127698321747312,1.0,0.2927395159853245,0.17192598064149733,0.424783713048837,0.2196105091570319,0.19517544772004514,0.41622598706952235,0.43639282907826704,0.3009121383940957,0.12989493361693513,0.19007688995121674,0.2425001506765317,0.1631373418721025,0.4500211617443803,0.4089526758423693,0.5043114536444183,0.14983405383423534,0.21964139137252386,0.20777271309103076,0.25292131553226616,0.4690155911341125,0.3167675304141865,0.23619952498918573,0.2680344764100145,0.20922954502307609,0.24391916068674374,0.033610853219501496,0.11629507344815185,0.4978240734819118,0.3407051740314629,0.18549004913364167,0.16151772572774506,0.07500918946995032,0.22269382523900824,0.1322315069283592,0.15399788480694945,0.15146798334295042,0.18115651037032995,0.02460307512165569,0.2750736094356004,0.30981349882072473,0.2834861993545339,0.27793468591945014,0.3175260867162507,0.297350713380772,0.2509678988141744,0.2222804309408036,0.28719127757409163,0.2664140499360414,0.14454403968097046,,
JPM,0.3786961690977105,0.7685612536267448,0.22745279366999255,0.24808115910672907,0.22358604067894686,0.25675605850774613,0.3961322919474572,0.16053419249247616,-0.09792636512937472,0.3465966895096831,0.30809130230154,0.10035813976351957,0.16962831530245268,0.10652465132644796,0.08599647276160899,0.10888075950369472,0.37700749661969185,0.14587334401748064,0.3769518088586678,0.2627785466916038,0.39449676686491797,0.25543601444676095,0.2927395159853245,1.0,0.38310140986018876,0.6033369524403019,0.3355756591301417,0.4316268075558424,0.47910084162363625,0.5956997530743635,0.8843461955706697,0.5379445590560293,0.6075409244653561,0.2027637912261825,0.3148521581651074,0.38749716124506534,0.2843466234500086,0.3202868036728596,0.3505143713008158,0.23831740541456894,0.5006312201593063,0.38884351881024753,0.505821911707821,0.2726563127621514,0.4040167979000463,0.27654161372709485,0.4150194251241339,0.308202532158565,0.10683579798749804,0.013155718085994124,0.35960755871128336,0.15085039823515553,0.3927246424661844,0.5033621108606855,0.3213509449635189,0.24543037731679612,0.5620135132862741,0.4791352096991226,0.4108340691154355,0.1566662172163627,0.03674670072987665,0.3706578656038008,0.20224368333135048,0.19976419416664018,0.18393483488557352,0.23117559851581823,0.17040349513988592,0.1185820538503264,0.09856014520187,0.22802573098935433,0.1245123692399874,0.1202550852670614,,
JNJ,0.259370209990485,0.5404387741606191,0.047926547639430904,0.06642856976793038,0.043676095822683676,0.06918770806859327,0.20650935496728137,-0.00770372370837884,-0.004499367401952839,0.1908339885913925,0.09959121044565389,0.0089391286493818,-0.028637640935100902,0.002749957034373667,-0.018957769326668036,0.06333670916225045,0.19178524670318806,0.1256635291761209,0.3368730036518155,0.055647600560858726,0.33437264159348373,0.14945067670886353,0.17192598064149733,0.38310140986018876,1.0,0.42845861740466434,0.6028284090039914,0.4786951549010949,0.38851666310627864,0.40894114997485254,0.38388223455501785,0.28568140309819917,0.35019637466588366,0.405487285160775,0.5251776521959874,0.13104362441083675,0.3461577171439713,0.19308620657618014,0.5135359797983515,0.37177500692008836,0.5781871060286431,0.5889145562115541,0.411382239931048,0.1733781762034352,0.15409808288207916,0.10967865972523909,0.27877363112025766,0.26359791643810027,0.08854599374750101,0.10695210445438268,0.15161986798094237,0.05690027695422038,0.18084304339847107,0.17619209665934438,0.2370933692616672,0.21474777600424616,0.18490814699957178,0.2170977495048609,0.17748231819131005,0.14670096048994413,0.11663824193571103,0.15209748830267952,0.09691295207993603,0.0854671037963864,0.08779005511296294,0.07697063192208752,0.07005962553072254,0.016743456551940997,-0.008233699672291038,0.05416653747167013,0.022480732987477315,-0.01882235964935674,,
V,0.518718208426461,0.6667359152621587,0.3056011946760358,0.3005903211009103,0.31649169241906155,0.28229867654111857,0.33237155483354774,0.13828896279148836,-0.050849381499383,0.3691698989261429,0.44528278516714176,0.07130898334136963,0.19309436346477338,0.06667722106590157,0.06837433481838187,0.12741560161522134,0.40715699251821763,0.25191271235629054,0.5539112412208123,0.3395516314804256,0.5771759969814638,0.39819061695475605,0.424783713048837,0.6033369524403019,0.42845861740466434,1.0,0.42809913684161466,0.46340329579811507,0.5371088373823263,0.9053298808051223,0.5851730677993697,0.42348873612592136,0.4913058020738171,0.27614662480556795,0.34486683994433287,0.4616696111645746,0.4231103737225859,0.47632941876942286,0.39854555677761566,0.2802715082541337,0.5439449022639375,0.4797151064370909,0.6278767415707797,0.35019023560381307,0.37571576777298593,0.3363542083235153,0.434142068058261,0.3559006385795854,0.12935273802522643,0.09952158056752641,0.471178855049219,0.2589109892407359,0.34282863707345246,0.3567069430731059,0.24510243763159367,0.33109816916427176,0.39859858063913983,0.3883948247918939,0.3448202528508611,0.21929593168710027,0.07039178344966383,0.38070191566725436,0.27671136646838596,0.27538095851123173,0.253672315756931,0.2897096575754367,0.2368387505581241,0.1644787172736655,0.13912042842020567,0.22976268412218634,0.2055019644338144,0.1641728566933768,,
PG,0.29149751496280424,0.4848052277859988,0.04468195961497157,0.10083330285323786,0.05206806227041917,0.05489122284772464,0.17133015876369892,-0.03951289060624744,-0.018569800093776033,0.146487057348732,0.18434147372295046,-0.015235350201158555,-0.025566591194511948,-0.03416174375319407,-0.04743627641300335,0.0105808005731398,0.18494253764266197,0.14317270691156347,0.3886782553292486,0.06377018294647661,0.41194142274979567,0.20585328346177023,0.2196105091570319,0.3355756591301417,0.6028284090039914,0.42809913684161466,1.0,0.43804626753715686,0.44138582793219017,0.4170738310082211,0.3486198261770221,0.18857694600159008,0.2076522591714401,0.3706188049823832,0.44063711197802713,0.2052038020328051,0.4763088805645329,0.2375411457383804,0.40657948217047707,0.484239184936885,0.6372119368660855,0.7229842805635688,0.43506388793709805,0.19068414268427,0.10814322512286106,0.14397845179593463,0.24219239367608197,0.26532935112594536,0.07974212053518984,0.10973924900550906,0.20222857244016312,0.09595960228031655,0.14639385711643943,0.1393143577837223,0.1871789250904816,0.2696200276204664,0.11225522700425578,0.15019308302839401,0.14701940640112898,0.1328780474053742,0.20912967368583685,0.17801025568122988,0.11408927376027758,0.11230647761467323,0.09885462058625581,0.07494213584413593,0.09856659679346332,0.04284090921739576,0.009614999640792878,0.04069904598665854,0.04921600968997,0.01391704214949564,,
UNH,0.32445275430839476,0.5165074665673718,0.12744042046049847,0.14335881345871565,0.16741668464526446,0.1161787068865646,0.24149360014954274,0.09295232161662835,-0.05564015799640737,0.24597963150710545,0.2533262405150206,-0.02238705093962741,-0.007680094619744295,0.01156369651816771,0.03243625755950625,0.05803687163274321,0.20758887848207339,0.18295465372634276,0.3818941040353026,0.18704276383598628,0.40228796876581235,0.1996110787903605,0.19517544772004514,0.4316268075558424,0.4786951549010949,0.46340329579811507,0.43804626753715686,1.0,0.4545665801378392,0.44851686439075966,0.41826350603103996,0.3356735734334448,0.4300748731956345,0.3507844358884468,0.4040540728010771,0.2840914406188405,0.3413264604089927,0.27392384342729303,0.4408980239466576,0.28030440262766426,0.4717921684082882,0.508829597118975,0.4252729015835325,0.18678095416122073,0.19160436987014465,0.17074460577065662,0.3099401645721774,0.2379619397906193,0.09280850544621636,0.08751998869657089,0.2702912958255317,0.10565965820359303,0.19298496851430366,0.2079256787029461,0.20585959083296423,0.1954588206500024,0.2390669667463374,0.27090250225130474,0.2181874127373733,0.0975070183363052,0.07532917088081065,0.21594505470839892,0.10103278337303301,0.10361072379286163,0.1162019649297614,0.12390705133177754,0.1361973183963385,0.05976259344022531,0.020341610329139507,0.09227577807691384,0.056995088067301664,0.05288463312590596,,
